n_gen,%agr,%clas,%red
2,56.7424,81.8182,31.6667
3,57.3485,86.3636,28.3333
4,60.1515,88.6364,31.6667
5,61.2121,84.0909,38.3333
6,63.7121,84.0909,43.3333
7,65.1515,88.6364,41.6667
8,67.1212,90.9091,43.3333
9,67.1212,90.9091,43.3333
10,67.1212,90.9091,43.3333
11,67.1212,90.9091,43.3333
12,68.7879,90.9091,46.6667
13,68.7879,90.9091,46.6667
14,70.7576,93.1818,48.3333
15,70.7576,93.1818,48.3333
16,70.7576,93.1818,48.3333
17,70.7576,93.1818,48.3333
18,71.2879,90.9091,51.6667
19,71.5909,93.1818,50
20,71.5909,93.1818,50
21,72.4242,93.1818,51.6667
22,72.4242,93.1818,51.6667
23,72.7273,95.4545,50
24,72.7273,95.4545,50
25,73.5606,95.4545,51.6667
26,73.5606,95.4545,51.6667
27,75.2273,95.4545,55
28,75.2273,95.4545,55
29,76.0606,95.4545,56.6667
30,76.0606,95.4545,56.6667
31,76.8939,95.4545,58.3333
32,78.5606,95.4545,61.6667
33,78.5606,95.4545,61.6667
34,78.5606,95.4545,61.6667
35,78.5606,95.4545,61.6667
36,78.5606,95.4545,61.6667
37,79.3939,95.4545,63.3333
38,79.3939,95.4545,63.3333
39,79.3939,95.4545,63.3333
40,79.3939,95.4545,63.3333
41,79.3939,95.4545,63.3333
42,79.3939,95.4545,63.3333
43,79.3939,95.4545,63.3333
44,79.3939,95.4545,63.3333
45,79.3939,95.4545,63.3333
46,79.3939,95.4545,63.3333
47,79.3939,95.4545,63.3333
48,79.3939,95.4545,63.3333
49,79.3939,95.4545,63.3333
50,81.0606,95.4545,66.6667
51,81.8939,95.4545,68.3333
52,81.8939,95.4545,68.3333
53,81.8939,95.4545,68.3333
54,81.8939,95.4545,68.3333
55,81.8939,95.4545,68.3333
56,82.7273,95.4545,70
57,82.7273,95.4545,70
58,82.7273,95.4545,70
59,83.5606,95.4545,71.6667
60,83.5606,95.4545,71.6667
61,83.5606,95.4545,71.6667
62,84.3939,95.4545,73.3333
63,84.3939,95.4545,73.3333
64,84.3939,95.4545,73.3333
65,84.3939,95.4545,73.3333
66,84.3939,95.4545,73.3333
67,84.3939,95.4545,73.3333
68,84.3939,95.4545,73.3333
69,84.3939,95.4545,73.3333
70,84.3939,95.4545,73.3333
71,84.3939,95.4545,73.3333
72,84.3939,95.4545,73.3333
73,84.3939,95.4545,73.3333
74,85.2273,95.4545,75
75,85.2273,95.4545,75
76,85.2273,95.4545,75
77,85.2273,95.4545,75
78,86.0606,95.4545,76.6667
79,86.0606,95.4545,76.6667
80,86.0606,95.4545,76.6667
81,86.0606,95.4545,76.6667
82,86.0606,95.4545,76.6667
83,86.0606,95.4545,76.6667
84,86.8939,95.4545,78.3333
85,87.197,97.7273,76.6667
86,87.197,97.7273,76.6667
87,87.197,97.7273,76.6667
88,87.197,97.7273,76.6667
89,87.197,97.7273,76.6667
90,87.197,97.7273,76.6667
91,87.197,97.7273,76.6667
92,87.197,97.7273,76.6667
93,87.197,97.7273,76.6667
94,87.197,97.7273,76.6667
95,87.197,97.7273,76.6667
96,87.197,97.7273,76.6667
97,87.197,97.7273,76.6667
98,87.197,97.7273,76.6667
99,87.197,97.7273,76.6667
100,87.197,97.7273,76.6667
101,88.0303,97.7273,78.3333
102,88.0303,97.7273,78.3333
103,88.0303,97.7273,78.3333
104,88.0303,97.7273,78.3333
105,88.0303,97.7273,78.3333
106,88.0303,97.7273,78.3333
107,88.0303,97.7273,78.3333
108,88.0303,97.7273,78.3333
109,88.0303,97.7273,78.3333
110,88.0303,97.7273,78.3333
111,88.0303,97.7273,78.3333
112,88.0303,97.7273,78.3333
113,88.0303,97.7273,78.3333
114,88.0303,97.7273,78.3333
115,88.0303,97.7273,78.3333
116,88.0303,97.7273,78.3333
117,88.0303,97.7273,78.3333
118,88.0303,97.7273,78.3333
119,88.0303,97.7273,78.3333
120,88.0303,97.7273,78.3333
121,88.0303,97.7273,78.3333
122,88.0303,97.7273,78.3333
123,88.0303,97.7273,78.3333
124,88.0303,97.7273,78.3333
125,88.0303,97.7273,78.3333
126,88.0303,97.7273,78.3333
127,88.0303,97.7273,78.3333
128,88.0303,97.7273,78.3333
129,88.0303,97.7273,78.3333
130,88.0303,97.7273,78.3333
131,88.0303,97.7273,78.3333
132,88.0303,97.7273,78.3333
133,88.0303,97.7273,78.3333
134,88.0303,97.7273,78.3333
135,88.0303,97.7273,78.3333
136,88.0303,97.7273,78.3333
137,88.0303,97.7273,78.3333
138,88.0303,97.7273,78.3333
139,88.0303,97.7273,78.3333
140,88.0303,97.7273,78.3333
141,88.0303,97.7273,78.3333
142,88.0303,97.7273,78.3333
143,88.0303,97.7273,78.3333
144,88.0303,97.7273,78.3333
145,88.0303,97.7273,78.3333
146,88.0303,97.7273,78.3333
147,88.0303,97.7273,78.3333
148,88.0303,97.7273,78.3333
149,88.0303,97.7273,78.3333
150,88.0303,97.7273,78.3333
151,88.0303,97.7273,78.3333
152,88.0303,97.7273,78.3333
153,88.0303,97.7273,78.3333
154,88.0303,97.7273,78.3333
155,88.0303,97.7273,78.3333
156,88.0303,97.7273,78.3333
157,88.0303,97.7273,78.3333
158,88.0303,97.7273,78.3333
159,88.0303,97.7273,78.3333
160,88.0303,97.7273,78.3333
161,88.0303,97.7273,78.3333
162,88.0303,97.7273,78.3333
163,88.0303,97.7273,78.3333
164,88.0303,97.7273,78.3333
165,88.0303,97.7273,78.3333
166,88.0303,97.7273,78.3333
167,88.0303,97.7273,78.3333
168,88.0303,97.7273,78.3333
169,88.0303,97.7273,78.3333
170,88.0303,97.7273,78.3333
171,88.0303,97.7273,78.3333
172,88.0303,97.7273,78.3333
173,88.0303,97.7273,78.3333
174,88.0303,97.7273,78.3333
175,88.0303,97.7273,78.3333
176,88.0303,97.7273,78.3333
177,88.0303,97.7273,78.3333
178,88.0303,97.7273,78.3333
179,88.0303,97.7273,78.3333
180,88.0303,97.7273,78.3333
181,88.0303,97.7273,78.3333
182,88.0303,97.7273,78.3333
183,88.0303,97.7273,78.3333
184,88.0303,97.7273,78.3333
185,88.0303,97.7273,78.3333
186,88.0303,97.7273,78.3333
187,88.0303,97.7273,78.3333
188,88.0303,97.7273,78.3333
189,88.0303,97.7273,78.3333
190,88.0303,97.7273,78.3333
191,88.0303,97.7273,78.3333
192,88.0303,97.7273,78.3333
193,88.0303,97.7273,78.3333
194,88.0303,97.7273,78.3333
195,88.0303,97.7273,78.3333
196,88.0303,97.7273,78.3333
197,88.0303,97.7273,78.3333
198,88.0303,97.7273,78.3333
199,88.0303,97.7273,78.3333
200,88.0303,97.7273,78.3333
201,88.0303,97.7273,78.3333
202,88.0303,97.7273,78.3333
203,88.0303,97.7273,78.3333
204,88.0303,97.7273,78.3333
205,88.0303,97.7273,78.3333
206,88.0303,97.7273,78.3333
207,88.0303,97.7273,78.3333
208,88.0303,97.7273,78.3333
209,88.0303,97.7273,78.3333
210,88.0303,97.7273,78.3333
211,88.0303,97.7273,78.3333
212,88.0303,97.7273,78.3333
213,88.0303,97.7273,78.3333
214,88.0303,97.7273,78.3333
215,88.0303,97.7273,78.3333
216,88.0303,97.7273,78.3333
217,88.0303,97.7273,78.3333
218,88.0303,97.7273,78.3333
219,88.0303,97.7273,78.3333
220,88.0303,97.7273,78.3333
221,88.0303,97.7273,78.3333
222,88.0303,97.7273,78.3333
223,88.0303,97.7273,78.3333
224,88.0303,97.7273,78.3333
225,88.0303,97.7273,78.3333
226,88.0303,97.7273,78.3333
227,88.0303,97.7273,78.3333
228,88.0303,97.7273,78.3333
229,88.0303,97.7273,78.3333
230,88.0303,97.7273,78.3333
231,88.0303,97.7273,78.3333
232,88.0303,97.7273,78.3333
233,88.0303,97.7273,78.3333
234,88.0303,97.7273,78.3333
235,88.0303,97.7273,78.3333
236,88.0303,97.7273,78.3333
237,88.0303,97.7273,78.3333
238,88.0303,97.7273,78.3333
239,88.0303,97.7273,78.3333
240,88.0303,97.7273,78.3333
241,88.0303,97.7273,78.3333
242,88.0303,97.7273,78.3333
243,88.0303,97.7273,78.3333
244,88.0303,97.7273,78.3333
245,88.0303,97.7273,78.3333
246,88.0303,97.7273,78.3333
247,88.0303,97.7273,78.3333
248,88.0303,97.7273,78.3333
249,88.0303,97.7273,78.3333
250,88.0303,97.7273,78.3333
251,88.0303,97.7273,78.3333
252,88.0303,97.7273,78.3333
253,88.0303,97.7273,78.3333
254,88.0303,97.7273,78.3333
255,88.0303,97.7273,78.3333
256,88.0303,97.7273,78.3333
257,88.0303,97.7273,78.3333
258,88.0303,97.7273,78.3333
259,88.0303,97.7273,78.3333
260,88.0303,97.7273,78.3333
261,88.0303,97.7273,78.3333
262,88.0303,97.7273,78.3333
263,88.0303,97.7273,78.3333
264,88.0303,97.7273,78.3333
265,88.0303,97.7273,78.3333
266,88.0303,97.7273,78.3333
267,88.0303,97.7273,78.3333
268,88.0303,97.7273,78.3333
269,88.0303,97.7273,78.3333
270,88.0303,97.7273,78.3333
271,88.0303,97.7273,78.3333
272,88.0303,97.7273,78.3333
273,88.0303,97.7273,78.3333
274,88.0303,97.7273,78.3333
275,88.0303,97.7273,78.3333
276,88.0303,97.7273,78.3333
277,88.0303,97.7273,78.3333
278,88.0303,97.7273,78.3333
279,88.0303,97.7273,78.3333
280,88.0303,97.7273,78.3333
281,88.0303,97.7273,78.3333
282,88.0303,97.7273,78.3333
283,88.0303,97.7273,78.3333
284,88.0303,97.7273,78.3333
285,88.0303,97.7273,78.3333
286,88.0303,97.7273,78.3333
287,88.0303,97.7273,78.3333
288,88.0303,97.7273,78.3333
289,88.0303,97.7273,78.3333
290,88.0303,97.7273,78.3333
291,88.0303,97.7273,78.3333
292,88.0303,97.7273,78.3333
293,88.0303,97.7273,78.3333
294,88.0303,97.7273,78.3333
295,88.0303,97.7273,78.3333
296,88.0303,97.7273,78.3333
297,88.0303,97.7273,78.3333
298,88.0303,97.7273,78.3333
299,88.0303,97.7273,78.3333
300,88.0303,97.7273,78.3333
