n_gen,%agr,%clas,%red
2,60.061,95.1219,25
3,61.7276,95.1219,28.3333
4,63.3943,95.1219,31.6667
5,67.561,95.1219,40
6,67.561,95.1219,40
7,67.9472,97.561,38.3333
8,67.9472,97.561,38.3333
9,69.2276,95.1219,43.3333
10,69.6138,97.561,41.6667
11,70.061,95.1219,45
12,70.061,95.1219,45
13,70.8943,95.1219,46.6667
14,72.1748,92.6829,51.6667
15,73.3943,95.1219,51.6667
16,73.8415,92.6829,55
17,75.061,95.1219,55
18,75.061,95.1219,55
19,75.061,95.1219,55
20,75.8943,95.1219,56.6667
21,75.8943,95.1219,56.6667
22,75.8943,95.1219,56.6667
23,75.8943,95.1219,56.6667
24,76.7276,95.1219,58.3333
25,77.561,95.1219,60
26,77.561,95.1219,60
27,77.561,95.1219,60
28,78.3943,95.1219,61.6667
29,78.3943,95.1219,61.6667
30,79.2276,95.1219,63.3333
31,79.2276,95.1219,63.3333
32,79.2276,95.1219,63.3333
33,79.2276,95.1219,63.3333
34,79.2276,95.1219,63.3333
35,79.2276,95.1219,63.3333
36,80.061,95.1219,65
37,80.061,95.1219,65
38,80.061,95.1219,65
39,80.061,95.1219,65
40,80.061,95.1219,65
41,80.061,95.1219,65
42,80.061,95.1219,65
43,80.061,95.1219,65
44,80.061,95.1219,65
45,80.061,95.1219,65
46,80.061,95.1219,65
47,80.061,95.1219,65
48,80.061,95.1219,65
49,80.061,95.1219,65
50,80.061,95.1219,65
51,80.061,95.1219,65
52,80.061,95.1219,65
53,80.061,95.1219,65
54,80.061,95.1219,65
55,80.061,95.1219,65
56,80.061,95.1219,65
57,80.061,95.1219,65
58,80.061,95.1219,65
59,80.061,95.1219,65
60,80.061,95.1219,65
61,80.061,95.1219,65
62,80.061,95.1219,65
63,80.061,95.1219,65
64,80.061,95.1219,65
65,80.061,95.1219,65
66,80.061,95.1219,65
67,80.061,95.1219,65
68,80.061,95.1219,65
69,80.061,95.1219,65
70,80.061,95.1219,65
71,80.061,95.1219,65
72,80.061,95.1219,65
73,80.061,95.1219,65
74,80.061,95.1219,65
75,80.061,95.1219,65
76,80.061,95.1219,65
77,80.061,95.1219,65
78,80.061,95.1219,65
79,80.061,95.1219,65
80,80.061,95.1219,65
81,80.8943,95.1219,66.6667
82,80.8943,95.1219,66.6667
83,80.8943,95.1219,66.6667
84,80.8943,95.1219,66.6667
85,80.8943,95.1219,66.6667
86,80.8943,95.1219,66.6667
87,80.8943,95.1219,66.6667
88,80.8943,95.1219,66.6667
89,80.8943,95.1219,66.6667
90,80.8943,95.1219,66.6667
91,80.8943,95.1219,66.6667
92,80.8943,95.1219,66.6667
93,80.8943,95.1219,66.6667
94,80.8943,95.1219,66.6667
95,80.8943,95.1219,66.6667
96,80.8943,95.1219,66.6667
97,80.8943,95.1219,66.6667
98,80.8943,95.1219,66.6667
99,80.8943,95.1219,66.6667
100,80.8943,95.1219,66.6667
101,80.8943,95.1219,66.6667
102,80.8943,95.1219,66.6667
103,80.8943,95.1219,66.6667
104,80.8943,95.1219,66.6667
105,80.8943,95.1219,66.6667
106,80.8943,95.1219,66.6667
107,80.8943,95.1219,66.6667
108,80.8943,95.1219,66.6667
109,80.8943,95.1219,66.6667
110,80.8943,95.1219,66.6667
111,80.8943,95.1219,66.6667
112,80.8943,95.1219,66.6667
113,80.8943,95.1219,66.6667
114,80.8943,95.1219,66.6667
115,80.8943,95.1219,66.6667
116,80.8943,95.1219,66.6667
117,80.8943,95.1219,66.6667
118,80.8943,95.1219,66.6667
119,80.8943,95.1219,66.6667
120,80.8943,95.1219,66.6667
121,80.8943,95.1219,66.6667
122,80.8943,95.1219,66.6667
123,80.8943,95.1219,66.6667
124,81.7276,95.1219,68.3333
125,81.7276,95.1219,68.3333
126,81.7276,95.1219,68.3333
127,81.7276,95.1219,68.3333
128,81.7276,95.1219,68.3333
129,81.7276,95.1219,68.3333
130,81.7276,95.1219,68.3333
131,81.7276,95.1219,68.3333
132,81.7276,95.1219,68.3333
133,81.7276,95.1219,68.3333
134,81.7276,95.1219,68.3333
135,81.7276,95.1219,68.3333
136,81.7276,95.1219,68.3333
137,81.7276,95.1219,68.3333
138,81.7276,95.1219,68.3333
139,81.7276,95.1219,68.3333
140,81.7276,95.1219,68.3333
141,81.7276,95.1219,68.3333
142,81.7276,95.1219,68.3333
143,81.7276,95.1219,68.3333
144,81.7276,95.1219,68.3333
145,81.7276,95.1219,68.3333
146,81.7276,95.1219,68.3333
147,81.7276,95.1219,68.3333
148,81.7276,95.1219,68.3333
149,81.7276,95.1219,68.3333
150,81.7276,95.1219,68.3333
151,81.7276,95.1219,68.3333
152,81.7276,95.1219,68.3333
153,81.7276,95.1219,68.3333
154,81.7276,95.1219,68.3333
155,81.7276,95.1219,68.3333
156,81.7276,95.1219,68.3333
157,81.7276,95.1219,68.3333
158,81.7276,95.1219,68.3333
159,81.7276,95.1219,68.3333
160,81.7276,95.1219,68.3333
161,81.7276,95.1219,68.3333
162,81.7276,95.1219,68.3333
163,81.7276,95.1219,68.3333
164,81.7276,95.1219,68.3333
165,81.7276,95.1219,68.3333
166,82.561,95.1219,70
167,82.561,95.1219,70
168,82.561,95.1219,70
169,82.561,95.1219,70
170,82.561,95.1219,70
171,82.561,95.1219,70
172,82.561,95.1219,70
173,82.561,95.1219,70
174,82.561,95.1219,70
175,82.561,95.1219,70
176,82.561,95.1219,70
177,82.561,95.1219,70
178,82.561,95.1219,70
179,82.561,95.1219,70
180,82.561,95.1219,70
181,82.561,95.1219,70
182,82.561,95.1219,70
183,82.561,95.1219,70
184,82.561,95.1219,70
185,82.561,95.1219,70
186,82.561,95.1219,70
187,82.561,95.1219,70
188,82.561,95.1219,70
189,82.561,95.1219,70
190,82.561,95.1219,70
191,82.561,95.1219,70
192,82.561,95.1219,70
193,82.561,95.1219,70
194,82.561,95.1219,70
195,82.561,95.1219,70
196,82.561,95.1219,70
197,82.561,95.1219,70
198,82.561,95.1219,70
199,82.561,95.1219,70
200,82.561,95.1219,70
201,82.561,95.1219,70
202,82.561,95.1219,70
203,82.561,95.1219,70
204,82.561,95.1219,70
205,82.561,95.1219,70
206,82.561,95.1219,70
207,82.561,95.1219,70
208,82.561,95.1219,70
209,82.561,95.1219,70
210,82.561,95.1219,70
211,82.561,95.1219,70
212,82.561,95.1219,70
213,82.561,95.1219,70
214,82.561,95.1219,70
215,82.561,95.1219,70
216,82.561,95.1219,70
217,82.561,95.1219,70
218,82.561,95.1219,70
219,82.561,95.1219,70
220,82.561,95.1219,70
221,82.561,95.1219,70
222,82.561,95.1219,70
223,82.561,95.1219,70
224,82.561,95.1219,70
225,82.561,95.1219,70
226,82.561,95.1219,70
227,82.561,95.1219,70
228,82.561,95.1219,70
229,83.8415,92.6829,75
230,84.2886,90.2439,78.3333
231,84.2886,90.2439,78.3333
232,84.6748,92.6829,76.6667
233,84.6748,92.6829,76.6667
234,84.6748,92.6829,76.6667
235,84.6748,92.6829,76.6667
236,84.6748,92.6829,76.6667
237,84.6748,92.6829,76.6667
238,85.8943,95.1219,76.6667
239,85.8943,95.1219,76.6667
240,85.9553,90.2439,81.6667
241,85.9553,90.2439,81.6667
242,85.9553,90.2439,81.6667
243,85.9553,90.2439,81.6667
244,85.9553,90.2439,81.6667
245,85.9553,90.2439,81.6667
246,86.3415,92.6829,80
247,86.7276,95.1219,78.3333
248,86.7276,95.1219,78.3333
249,86.7276,95.1219,78.3333
250,86.7276,95.1219,78.3333
251,86.7276,95.1219,78.3333
252,86.7276,95.1219,78.3333
253,86.7276,95.1219,78.3333
254,86.7276,95.1219,78.3333
255,86.7276,95.1219,78.3333
256,86.7276,95.1219,78.3333
257,86.7276,95.1219,78.3333
258,86.7276,95.1219,78.3333
259,86.7276,95.1219,78.3333
260,86.7276,95.1219,78.3333
261,86.7276,95.1219,78.3333
262,86.7276,95.1219,78.3333
263,86.7276,95.1219,78.3333
264,86.7276,95.1219,78.3333
265,86.7276,95.1219,78.3333
266,86.7276,95.1219,78.3333
267,86.7276,95.1219,78.3333
268,86.7276,95.1219,78.3333
269,86.7276,95.1219,78.3333
270,86.7276,95.1219,78.3333
271,86.7276,95.1219,78.3333
272,86.7276,95.1219,78.3333
273,86.7276,95.1219,78.3333
274,86.7276,95.1219,78.3333
275,86.7276,95.1219,78.3333
276,86.7276,95.1219,78.3333
277,86.7276,95.1219,78.3333
278,86.7276,95.1219,78.3333
279,86.7276,95.1219,78.3333
280,86.7276,95.1219,78.3333
281,86.7276,95.1219,78.3333
282,86.7276,95.1219,78.3333
283,86.7276,95.1219,78.3333
284,86.7276,95.1219,78.3333
285,86.7276,95.1219,78.3333
286,86.7276,95.1219,78.3333
287,86.7276,95.1219,78.3333
288,86.7276,95.1219,78.3333
289,86.7276,95.1219,78.3333
290,87.1748,92.6829,81.6667
291,87.561,95.1219,80
292,87.561,95.1219,80
293,87.561,95.1219,80
294,87.561,95.1219,80
295,87.561,95.1219,80
296,87.561,95.1219,80
297,87.561,95.1219,80
298,87.561,95.1219,80
299,87.561,95.1219,80
300,87.561,95.1219,80
