n_gen,%agr,%clas,%red
2,65.4472,97.561,33.3333
3,65.4472,97.561,33.3333
4,67.1748,92.6829,41.6667
5,69.6138,97.561,41.6667
6,72.1138,97.561,46.6667
7,72.1138,97.561,46.6667
8,72.1138,97.561,46.6667
9,72.1138,97.561,46.6667
10,72.1138,97.561,46.6667
11,72.9472,97.561,48.3333
12,74.6138,97.561,51.6667
13,75.4472,97.561,53.3333
14,75.4472,97.561,53.3333
15,75.4472,97.561,53.3333
16,76.2805,97.561,55
17,76.2805,97.561,55
18,77.1138,97.561,56.6667
19,77.1138,97.561,56.6667
20,77.1138,97.561,56.6667
21,77.9472,97.561,58.3333
22,77.9472,97.561,58.3333
23,77.9472,97.561,58.3333
24,78.7805,97.561,60
25,79.6138,97.561,61.6667
26,79.6138,97.561,61.6667
27,80.4472,97.561,63.3333
28,80.4472,97.561,63.3333
29,81.2805,97.561,65
30,81.2805,97.561,65
31,81.2805,97.561,65
32,81.2805,97.561,65
33,81.2805,97.561,65
34,81.2805,97.561,65
35,81.2805,97.561,65
36,81.2805,97.561,65
37,81.2805,97.561,65
38,81.2805,97.561,65
39,81.2805,97.561,65
40,81.2805,97.561,65
41,81.2805,97.561,65
42,81.2805,97.561,65
43,81.2805,97.561,65
44,81.2805,97.561,65
45,81.2805,97.561,65
46,81.2805,97.561,65
47,81.2805,97.561,65
48,81.2805,97.561,65
49,81.2805,97.561,65
50,81.2805,97.561,65
51,81.2805,97.561,65
52,81.2805,97.561,65
53,81.2805,97.561,65
54,81.2805,97.561,65
55,81.2805,97.561,65
56,81.2805,97.561,65
57,81.2805,97.561,65
58,81.2805,97.561,65
59,81.2805,97.561,65
60,81.2805,97.561,65
61,81.2805,97.561,65
62,81.2805,97.561,65
63,81.2805,97.561,65
64,81.2805,97.561,65
65,81.2805,97.561,65
66,81.2805,97.561,65
67,81.2805,97.561,65
68,81.2805,97.561,65
69,81.2805,97.561,65
70,81.2805,97.561,65
71,81.2805,97.561,65
72,81.2805,97.561,65
73,81.2805,97.561,65
74,81.2805,97.561,65
75,82.1138,97.561,66.6667
76,82.1138,97.561,66.6667
77,82.1138,97.561,66.6667
78,82.1138,97.561,66.6667
79,82.1138,97.561,66.6667
80,82.9472,97.561,68.3333
81,82.9472,97.561,68.3333
82,82.9472,97.561,68.3333
83,82.9472,97.561,68.3333
84,82.9472,97.561,68.3333
85,82.9472,97.561,68.3333
86,82.9472,97.561,68.3333
87,82.9472,97.561,68.3333
88,82.9472,97.561,68.3333
89,82.9472,97.561,68.3333
90,82.9472,97.561,68.3333
91,82.9472,97.561,68.3333
92,82.9472,97.561,68.3333
93,82.9472,97.561,68.3333
94,82.9472,97.561,68.3333
95,82.9472,97.561,68.3333
96,82.9472,97.561,68.3333
97,82.9472,97.561,68.3333
98,82.9472,97.561,68.3333
99,82.9472,97.561,68.3333
100,82.9472,97.561,68.3333
101,82.9472,97.561,68.3333
102,82.9472,97.561,68.3333
103,82.9472,97.561,68.3333
104,82.9472,97.561,68.3333
105,82.9472,97.561,68.3333
106,82.9472,97.561,68.3333
107,82.9472,97.561,68.3333
108,82.9472,97.561,68.3333
109,82.9472,97.561,68.3333
110,82.9472,97.561,68.3333
111,82.9472,97.561,68.3333
112,82.9472,97.561,68.3333
113,82.9472,97.561,68.3333
114,82.9472,97.561,68.3333
115,82.9472,97.561,68.3333
116,82.9472,97.561,68.3333
117,82.9472,97.561,68.3333
118,82.9472,97.561,68.3333
119,82.9472,97.561,68.3333
120,82.9472,97.561,68.3333
121,82.9472,97.561,68.3333
122,82.9472,97.561,68.3333
123,82.9472,97.561,68.3333
124,82.9472,97.561,68.3333
125,82.9472,97.561,68.3333
126,82.9472,97.561,68.3333
127,82.9472,97.561,68.3333
128,82.9472,97.561,68.3333
129,82.9472,97.561,68.3333
130,82.9472,97.561,68.3333
131,83.7805,97.561,70
132,83.7805,97.561,70
133,83.7805,97.561,70
134,83.7805,97.561,70
135,83.7805,97.561,70
136,83.7805,97.561,70
137,83.7805,97.561,70
138,83.7805,97.561,70
139,83.7805,97.561,70
140,83.7805,97.561,70
141,83.7805,97.561,70
142,83.7805,97.561,70
143,83.7805,97.561,70
144,83.7805,97.561,70
145,83.7805,97.561,70
146,83.7805,97.561,70
147,83.7805,97.561,70
148,83.7805,97.561,70
149,83.7805,97.561,70
150,83.7805,97.561,70
151,83.7805,97.561,70
152,83.7805,97.561,70
153,83.7805,97.561,70
154,83.7805,97.561,70
155,83.7805,97.561,70
156,83.7805,97.561,70
157,83.7805,97.561,70
158,83.7805,97.561,70
159,83.7805,97.561,70
160,83.7805,97.561,70
161,83.7805,97.561,70
162,83.7805,97.561,70
163,83.7805,97.561,70
164,83.7805,97.561,70
165,83.7805,97.561,70
166,83.7805,97.561,70
167,83.7805,97.561,70
168,83.7805,97.561,70
169,83.7805,97.561,70
170,83.7805,97.561,70
171,83.7805,97.561,70
172,83.7805,97.561,70
173,83.7805,97.561,70
174,83.7805,97.561,70
175,83.7805,97.561,70
176,83.7805,97.561,70
177,83.7805,97.561,70
178,83.7805,97.561,70
179,83.7805,97.561,70
180,83.7805,97.561,70
181,83.7805,97.561,70
182,83.7805,97.561,70
183,83.7805,97.561,70
184,84.2886,90.2439,78.3333
185,84.2886,90.2439,78.3333
186,84.2886,90.2439,78.3333
187,84.2886,90.2439,78.3333
188,85.122,90.2439,80
189,85.122,90.2439,80
190,85.122,90.2439,80
191,85.122,90.2439,80
192,85.122,90.2439,80
193,85.122,90.2439,80
194,85.122,90.2439,80
195,85.122,90.2439,80
196,85.122,90.2439,80
197,85.122,90.2439,80
198,85.122,90.2439,80
199,85.122,90.2439,80
200,85.122,90.2439,80
201,85.122,90.2439,80
202,85.122,90.2439,80
203,85.122,90.2439,80
204,85.122,90.2439,80
205,85.122,90.2439,80
206,85.122,90.2439,80
207,85.5081,92.6829,78.3333
208,85.5081,92.6829,78.3333
209,85.5081,92.6829,78.3333
210,85.5081,92.6829,78.3333
211,85.5081,92.6829,78.3333
212,85.5081,92.6829,78.3333
213,85.5081,92.6829,78.3333
214,85.5081,92.6829,78.3333
215,85.5081,92.6829,78.3333
216,85.5081,92.6829,78.3333
217,85.5081,92.6829,78.3333
218,85.9553,90.2439,81.6667
219,85.9553,90.2439,81.6667
220,85.9553,90.2439,81.6667
221,85.9553,90.2439,81.6667
222,85.9553,90.2439,81.6667
223,85.9553,90.2439,81.6667
224,85.9553,90.2439,81.6667
225,85.9553,90.2439,81.6667
226,85.9553,90.2439,81.6667
227,85.9553,90.2439,81.6667
228,85.9553,90.2439,81.6667
229,85.9553,90.2439,81.6667
230,85.9553,90.2439,81.6667
231,85.9553,90.2439,81.6667
232,85.9553,90.2439,81.6667
233,85.9553,90.2439,81.6667
234,85.9553,90.2439,81.6667
235,85.9553,90.2439,81.6667
236,85.9553,90.2439,81.6667
237,85.9553,90.2439,81.6667
238,85.9553,90.2439,81.6667
239,85.9553,90.2439,81.6667
240,85.9553,90.2439,81.6667
241,85.9553,90.2439,81.6667
242,85.9553,90.2439,81.6667
243,85.9553,90.2439,81.6667
244,85.9553,90.2439,81.6667
245,85.9553,90.2439,81.6667
246,85.9553,90.2439,81.6667
247,85.9553,90.2439,81.6667
248,85.9553,90.2439,81.6667
249,85.9553,90.2439,81.6667
250,85.9553,90.2439,81.6667
251,85.9553,90.2439,81.6667
252,85.9553,90.2439,81.6667
253,85.9553,90.2439,81.6667
254,85.9553,90.2439,81.6667
255,85.9553,90.2439,81.6667
256,85.9553,90.2439,81.6667
257,85.9553,90.2439,81.6667
258,85.9553,90.2439,81.6667
259,85.9553,90.2439,81.6667
260,85.9553,90.2439,81.6667
261,85.9553,90.2439,81.6667
262,85.9553,90.2439,81.6667
263,85.9553,90.2439,81.6667
264,85.9553,90.2439,81.6667
265,85.9553,90.2439,81.6667
266,85.9553,90.2439,81.6667
267,85.9553,90.2439,81.6667
268,85.9553,90.2439,81.6667
269,85.9553,90.2439,81.6667
270,85.9553,90.2439,81.6667
271,85.9553,90.2439,81.6667
272,85.9553,90.2439,81.6667
273,85.9553,90.2439,81.6667
274,85.9553,90.2439,81.6667
275,85.9553,90.2439,81.6667
276,85.9553,90.2439,81.6667
277,85.9553,90.2439,81.6667
278,85.9553,90.2439,81.6667
279,85.9553,90.2439,81.6667
280,85.9553,90.2439,81.6667
281,85.9553,90.2439,81.6667
282,85.9553,90.2439,81.6667
283,85.9553,90.2439,81.6667
284,85.9553,90.2439,81.6667
285,85.9553,90.2439,81.6667
286,85.9553,90.2439,81.6667
287,85.9553,90.2439,81.6667
288,85.9553,90.2439,81.6667
289,85.9553,90.2439,81.6667
290,85.9553,90.2439,81.6667
291,85.9553,90.2439,81.6667
292,85.9553,90.2439,81.6667
293,85.9553,90.2439,81.6667
294,85.9553,90.2439,81.6667
295,85.9553,90.2439,81.6667
296,85.9553,90.2439,81.6667
297,85.9553,90.2439,81.6667
298,85.9553,90.2439,81.6667
299,85.9553,90.2439,81.6667
300,85.9553,90.2439,81.6667
