n_gen,%agr,%clas,%red
2,55.5081,92.6829,18.3333
3,57.6219,90.2439,25
4,58.4553,90.2439,26.6667
5,59.7358,87.8049,31.6667
6,59.7358,87.8049,31.6667
7,60.9553,90.2439,31.6667
8,63.8415,92.6829,35
9,63.8415,92.6829,35
10,63.8415,92.6829,35
11,63.8415,92.6829,35
12,63.8415,92.6829,35
13,63.8415,92.6829,35
14,65.1219,90.2439,40
15,65.5081,92.6829,38.3333
16,68.4553,90.2439,46.6667
17,68.4553,90.2439,46.6667
18,68.4553,90.2439,46.6667
19,68.4553,90.2439,46.6667
20,68.8415,92.6829,45
21,68.8415,92.6829,45
22,69.6748,92.6829,46.6667
23,69.7358,87.8049,51.6667
24,69.7358,87.8049,51.6667
25,76.3415,92.6829,60
26,76.3415,92.6829,60
27,76.3415,92.6829,60
28,76.3415,92.6829,60
29,76.3415,92.6829,60
30,76.3415,92.6829,60
31,76.3415,92.6829,60
32,76.3415,92.6829,60
33,76.3415,92.6829,60
34,76.3415,92.6829,60
35,76.3415,92.6829,60
36,76.3415,92.6829,60
37,76.3415,92.6829,60
38,76.3415,92.6829,60
39,76.3415,92.6829,60
40,76.3415,92.6829,60
41,76.3415,92.6829,60
42,76.3415,92.6829,60
43,77.1748,92.6829,61.6667
44,77.1748,92.6829,61.6667
45,77.1748,92.6829,61.6667
46,77.1748,92.6829,61.6667
47,77.1748,92.6829,61.6667
48,77.1748,92.6829,61.6667
49,77.1748,92.6829,61.6667
50,79.2276,95.1219,63.3333
51,79.2276,95.1219,63.3333
52,79.2276,95.1219,63.3333
53,79.2276,95.1219,63.3333
54,79.2276,95.1219,63.3333
55,79.6748,92.6829,66.6667
56,79.6748,92.6829,66.6667
57,79.6748,92.6829,66.6667
58,79.6748,92.6829,66.6667
59,79.6748,92.6829,66.6667
60,81.2805,97.561,65
61,81.2805,97.561,65
62,81.2805,97.561,65
63,81.2805,97.561,65
64,81.2805,97.561,65
65,81.2805,97.561,65
66,81.2805,97.561,65
67,81.2805,97.561,65
68,81.2805,97.561,65
69,81.2805,97.561,65
70,81.2805,97.561,65
71,81.2805,97.561,65
72,81.2805,97.561,65
73,81.2805,97.561,65
74,81.2805,97.561,65
75,81.2805,97.561,65
76,81.7886,90.2439,73.3333
77,81.7886,90.2439,73.3333
78,81.7886,90.2439,73.3333
79,81.7886,90.2439,73.3333
80,81.7886,90.2439,73.3333
81,81.7886,90.2439,73.3333
82,81.7886,90.2439,73.3333
83,81.7886,90.2439,73.3333
84,81.7886,90.2439,73.3333
85,81.7886,90.2439,73.3333
86,81.7886,90.2439,73.3333
87,81.7886,90.2439,73.3333
88,81.7886,90.2439,73.3333
89,81.7886,90.2439,73.3333
90,81.7886,90.2439,73.3333
91,81.7886,90.2439,73.3333
92,81.7886,90.2439,73.3333
93,81.7886,90.2439,73.3333
94,81.7886,90.2439,73.3333
95,83.3943,95.1219,71.6667
96,83.3943,95.1219,71.6667
97,83.3943,95.1219,71.6667
98,83.3943,95.1219,71.6667
99,83.3943,95.1219,71.6667
100,83.3943,95.1219,71.6667
101,83.3943,95.1219,71.6667
102,83.8415,92.6829,75
103,83.8415,92.6829,75
104,83.8415,92.6829,75
105,83.8415,92.6829,75
106,84.6748,92.6829,76.6667
107,84.6748,92.6829,76.6667
108,84.6748,92.6829,76.6667
109,84.6748,92.6829,76.6667
110,84.6748,92.6829,76.6667
111,84.6748,92.6829,76.6667
112,84.6748,92.6829,76.6667
113,84.6748,92.6829,76.6667
114,86.2805,97.561,75
115,87.5,100,75
116,87.5,100,75
117,87.5,100,75
118,87.5,100,75
119,87.5,100,75
120,87.5,100,75
121,87.5,100,75
122,87.5,100,75
123,87.5,100,75
124,87.9472,97.561,78.3333
125,87.9472,97.561,78.3333
126,87.9472,97.561,78.3333
127,87.9472,97.561,78.3333
128,87.9472,97.561,78.3333
129,87.9472,97.561,78.3333
130,87.9472,97.561,78.3333
131,87.9472,97.561,78.3333
132,88.0081,92.6829,83.3333
133,88.0081,92.6829,83.3333
134,88.0081,92.6829,83.3333
135,88.0081,92.6829,83.3333
136,88.0081,92.6829,83.3333
137,88.0081,92.6829,83.3333
138,88.0081,92.6829,83.3333
139,88.0081,92.6829,83.3333
140,88.0081,92.6829,83.3333
141,88.0081,92.6829,83.3333
142,88.0081,92.6829,83.3333
143,88.0081,92.6829,83.3333
144,88.0081,92.6829,83.3333
145,88.0081,92.6829,83.3333
146,88.0081,92.6829,83.3333
147,88.3333,100,76.6667
148,88.3333,100,76.6667
149,88.4553,90.2439,86.6667
150,88.4553,90.2439,86.6667
151,88.4553,90.2439,86.6667
152,88.4553,90.2439,86.6667
153,88.4553,90.2439,86.6667
154,88.4553,90.2439,86.6667
155,88.4553,90.2439,86.6667
156,88.4553,90.2439,86.6667
157,88.4553,90.2439,86.6667
158,88.4553,90.2439,86.6667
159,88.4553,90.2439,86.6667
160,88.4553,90.2439,86.6667
161,88.4553,90.2439,86.6667
162,88.4553,90.2439,86.6667
163,88.4553,90.2439,86.6667
164,88.4553,90.2439,86.6667
165,88.4553,90.2439,86.6667
166,88.4553,90.2439,86.6667
167,89.2276,95.1219,83.3333
168,89.6138,97.561,81.6667
169,89.6138,97.561,81.6667
170,91.7276,95.1219,88.3333
171,91.7276,95.1219,88.3333
172,91.7276,95.1219,88.3333
173,91.7276,95.1219,88.3333
174,91.7276,95.1219,88.3333
175,91.7276,95.1219,88.3333
176,91.7276,95.1219,88.3333
177,91.7276,95.1219,88.3333
178,91.7276,95.1219,88.3333
179,91.7276,95.1219,88.3333
180,92.5,100,85
181,92.5,100,85
182,92.5,100,85
183,92.5,100,85
184,92.5,100,85
185,92.5,100,85
186,92.5,100,85
187,92.5,100,85
188,92.5,100,85
189,92.5,100,85
190,92.5,100,85
191,92.5,100,85
192,92.5,100,85
193,92.5,100,85
194,92.5,100,85
195,92.5,100,85
196,92.5,100,85
197,92.5,100,85
198,92.5,100,85
199,93.3333,100,86.6667
200,93.3333,100,86.6667
201,93.3333,100,86.6667
202,93.3333,100,86.6667
203,93.3333,100,86.6667
204,93.3333,100,86.6667
205,93.3333,100,86.6667
206,93.3333,100,86.6667
207,93.3333,100,86.6667
208,93.3333,100,86.6667
209,93.3333,100,86.6667
210,93.3333,100,86.6667
211,93.3333,100,86.6667
212,93.3333,100,86.6667
213,93.3333,100,86.6667
214,93.3333,100,86.6667
215,93.3333,100,86.6667
216,93.3333,100,86.6667
217,93.3333,100,86.6667
218,93.3333,100,86.6667
219,93.3333,100,86.6667
220,93.3333,100,86.6667
221,93.3333,100,86.6667
222,93.3333,100,86.6667
223,93.3333,100,86.6667
224,93.3333,100,86.6667
225,93.3333,100,86.6667
226,93.3333,100,86.6667
227,93.3333,100,86.6667
228,93.3333,100,86.6667
229,93.3333,100,86.6667
230,93.3333,100,86.6667
231,93.3333,100,86.6667
232,93.3333,100,86.6667
233,93.3333,100,86.6667
234,93.3333,100,86.6667
235,93.3333,100,86.6667
236,93.3333,100,86.6667
237,93.3333,100,86.6667
238,93.3333,100,86.6667
239,93.3333,100,86.6667
240,93.3333,100,86.6667
241,93.3333,100,86.6667
242,93.3333,100,86.6667
243,93.3333,100,86.6667
244,93.3333,100,86.6667
245,93.3333,100,86.6667
246,93.3333,100,86.6667
247,93.3333,100,86.6667
248,93.3333,100,86.6667
249,93.3333,100,86.6667
250,93.3333,100,86.6667
251,93.3333,100,86.6667
252,93.3333,100,86.6667
253,93.3333,100,86.6667
254,93.3333,100,86.6667
255,93.3333,100,86.6667
256,93.3333,100,86.6667
257,93.3333,100,86.6667
258,93.3333,100,86.6667
259,93.3333,100,86.6667
260,93.3333,100,86.6667
261,93.3333,100,86.6667
262,93.3333,100,86.6667
263,93.3333,100,86.6667
264,93.3333,100,86.6667
265,94.1667,100,88.3333
266,94.1667,100,88.3333
267,94.1667,100,88.3333
268,94.1667,100,88.3333
269,94.1667,100,88.3333
270,94.1667,100,88.3333
271,94.1667,100,88.3333
272,94.1667,100,88.3333
273,94.1667,100,88.3333
274,94.1667,100,88.3333
275,94.1667,100,88.3333
276,94.1667,100,88.3333
277,94.1667,100,88.3333
278,94.1667,100,88.3333
279,94.1667,100,88.3333
280,94.1667,100,88.3333
281,94.1667,100,88.3333
282,94.1667,100,88.3333
283,94.1667,100,88.3333
284,94.1667,100,88.3333
285,94.1667,100,88.3333
286,94.1667,100,88.3333
287,94.1667,100,88.3333
288,94.1667,100,88.3333
289,94.1667,100,88.3333
290,94.1667,100,88.3333
291,94.1667,100,88.3333
292,94.1667,100,88.3333
293,94.1667,100,88.3333
294,94.1667,100,88.3333
295,94.1667,100,88.3333
296,94.1667,100,88.3333
297,94.1667,100,88.3333
298,94.1667,100,88.3333
299,94.1667,100,88.3333
300,94.1667,100,88.3333
