n_gen,%agr,%clas,%red
2,65.6785,94.6903,36.6667
3,69.0118,94.6903,43.3333
4,69.0118,94.6903,43.3333
5,69.0118,94.6903,43.3333
6,72.7876,95.5752,50
7,74.4543,95.5752,53.3333
8,74.4543,95.5752,53.3333
9,74.8968,96.4602,53.3333
10,76.1209,95.5752,56.6667
11,77.3451,94.6903,60
12,77.3451,94.6903,60
13,78.6726,97.3451,60
14,78.6726,97.3451,60
15,80.3392,97.3451,63.3333
16,80.7817,98.2301,63.3333
17,80.7817,98.2301,63.3333
18,81.2242,99.115,63.3333
19,81.2242,99.115,63.3333
20,81.2242,99.115,63.3333
21,81.2242,99.115,63.3333
22,81.2242,99.115,63.3333
23,81.2242,99.115,63.3333
24,81.2242,99.115,63.3333
25,81.2242,99.115,63.3333
26,81.2242,99.115,63.3333
27,81.2242,99.115,63.3333
28,81.2242,99.115,63.3333
29,81.2242,99.115,63.3333
30,81.2242,99.115,63.3333
31,81.2242,99.115,63.3333
32,81.2242,99.115,63.3333
33,81.2242,99.115,63.3333
34,81.2242,99.115,63.3333
35,81.2242,99.115,63.3333
36,81.2242,99.115,63.3333
37,81.2242,99.115,63.3333
38,81.2242,99.115,63.3333
39,81.2242,99.115,63.3333
40,81.2242,99.115,63.3333
41,81.2242,99.115,63.3333
42,81.2242,99.115,63.3333
43,81.2242,99.115,63.3333
44,81.2242,99.115,63.3333
45,81.2242,99.115,63.3333
46,81.2242,99.115,63.3333
47,81.2242,99.115,63.3333
48,81.2242,99.115,63.3333
49,81.2242,99.115,63.3333
50,81.2242,99.115,63.3333
51,81.2242,99.115,63.3333
52,81.2242,99.115,63.3333
53,81.2242,99.115,63.3333
54,81.2242,99.115,63.3333
55,81.2242,99.115,63.3333
56,81.2242,99.115,63.3333
57,81.2242,99.115,63.3333
58,81.2242,99.115,63.3333
59,81.2242,99.115,63.3333
60,81.2242,99.115,63.3333
61,81.2242,99.115,63.3333
62,81.2242,99.115,63.3333
63,81.2242,99.115,63.3333
64,81.2242,99.115,63.3333
65,81.2242,99.115,63.3333
66,81.2242,99.115,63.3333
67,81.2242,99.115,63.3333
68,81.5634,96.4602,66.6667
69,82.0059,97.3451,66.6667
70,82.0059,97.3451,66.6667
71,84.115,98.2301,70
72,84.5575,99.115,70
73,84.5575,99.115,70
74,84.5575,99.115,70
75,85.7817,98.2301,73.3333
76,85.7817,98.2301,73.3333
77,85.7817,98.2301,73.3333
78,85.7817,98.2301,73.3333
79,85.7817,98.2301,73.3333
80,85.7817,98.2301,73.3333
81,85.7817,98.2301,73.3333
82,85.7817,98.2301,73.3333
83,85.7817,98.2301,73.3333
84,85.7817,98.2301,73.3333
85,85.7817,98.2301,73.3333
86,85.7817,98.2301,73.3333
87,85.7817,98.2301,73.3333
88,85.7817,98.2301,73.3333
89,85.7817,98.2301,73.3333
90,85.7817,98.2301,73.3333
91,85.7817,98.2301,73.3333
92,85.7817,98.2301,73.3333
93,85.7817,98.2301,73.3333
94,85.7817,98.2301,73.3333
95,85.7817,98.2301,73.3333
96,85.7817,98.2301,73.3333
97,85.7817,98.2301,73.3333
98,85.7817,98.2301,73.3333
99,85.7817,98.2301,73.3333
100,85.7817,98.2301,73.3333
101,85.7817,98.2301,73.3333
102,85.7817,98.2301,73.3333
103,85.7817,98.2301,73.3333
104,85.7817,98.2301,73.3333
105,85.7817,98.2301,73.3333
106,85.7817,98.2301,73.3333
107,85.7817,98.2301,73.3333
108,85.7817,98.2301,73.3333
109,85.7817,98.2301,73.3333
110,85.7817,98.2301,73.3333
111,85.7817,98.2301,73.3333
112,85.7817,98.2301,73.3333
113,85.7817,98.2301,73.3333
114,85.7817,98.2301,73.3333
115,85.7817,98.2301,73.3333
116,85.7817,98.2301,73.3333
117,85.7817,98.2301,73.3333
118,85.7817,98.2301,73.3333
119,87.8909,99.115,76.6667
120,87.8909,99.115,76.6667
121,87.8909,99.115,76.6667
122,87.8909,99.115,76.6667
123,87.8909,99.115,76.6667
124,87.8909,99.115,76.6667
125,87.8909,99.115,76.6667
126,87.8909,99.115,76.6667
127,87.8909,99.115,76.6667
128,87.8909,99.115,76.6667
129,87.8909,99.115,76.6667
130,87.8909,99.115,76.6667
131,87.8909,99.115,76.6667
132,87.8909,99.115,76.6667
133,87.8909,99.115,76.6667
134,87.8909,99.115,76.6667
135,87.8909,99.115,76.6667
136,87.8909,99.115,76.6667
137,87.8909,99.115,76.6667
138,87.8909,99.115,76.6667
139,87.8909,99.115,76.6667
140,87.8909,99.115,76.6667
141,87.8909,99.115,76.6667
142,87.8909,99.115,76.6667
143,87.8909,99.115,76.6667
144,87.8909,99.115,76.6667
145,87.8909,99.115,76.6667
146,87.8909,99.115,76.6667
147,87.8909,99.115,76.6667
148,87.8909,99.115,76.6667
149,87.8909,99.115,76.6667
150,87.8909,99.115,76.6667
151,87.8909,99.115,76.6667
152,87.8909,99.115,76.6667
153,87.8909,99.115,76.6667
154,87.8909,99.115,76.6667
155,87.8909,99.115,76.6667
156,87.8909,99.115,76.6667
157,87.8909,99.115,76.6667
158,87.8909,99.115,76.6667
159,87.8909,99.115,76.6667
160,87.8909,99.115,76.6667
161,87.8909,99.115,76.6667
162,87.8909,99.115,76.6667
163,87.8909,99.115,76.6667
164,87.8909,99.115,76.6667
165,87.8909,99.115,76.6667
166,87.8909,99.115,76.6667
167,87.8909,99.115,76.6667
168,87.8909,99.115,76.6667
169,87.8909,99.115,76.6667
170,87.8909,99.115,76.6667
171,87.8909,99.115,76.6667
172,87.8909,99.115,76.6667
173,87.8909,99.115,76.6667
174,87.8909,99.115,76.6667
175,87.8909,99.115,76.6667
176,87.8909,99.115,76.6667
177,87.8909,99.115,76.6667
178,87.8909,99.115,76.6667
179,87.8909,99.115,76.6667
180,88.4661,90.2655,86.6667
181,89.0118,94.6903,83.3333
182,89.0118,94.6903,83.3333
183,89.0118,94.6903,83.3333
184,89.0118,94.6903,83.3333
185,89.0118,94.6903,83.3333
186,89.0118,94.6903,83.3333
187,89.4543,95.5752,83.3333
188,90.236,93.8053,86.6667
189,90.236,93.8053,86.6667
190,90.236,93.8053,86.6667
191,90.236,93.8053,86.6667
192,90.236,93.8053,86.6667
193,90.236,93.8053,86.6667
194,90.236,93.8053,86.6667
195,90.236,93.8053,86.6667
196,90.3392,97.3451,83.3333
197,90.7817,98.2301,83.3333
198,90.7817,98.2301,83.3333
199,90.7817,98.2301,83.3333
200,90.7817,98.2301,83.3333
201,90.7817,98.2301,83.3333
202,90.7817,98.2301,83.3333
203,90.7817,98.2301,83.3333
204,90.7817,98.2301,83.3333
205,90.7817,98.2301,83.3333
206,90.7817,98.2301,83.3333
207,90.7817,98.2301,83.3333
208,90.7817,98.2301,83.3333
209,90.7817,98.2301,83.3333
210,90.7817,98.2301,83.3333
211,90.7817,98.2301,83.3333
212,90.7817,98.2301,83.3333
213,90.7817,98.2301,83.3333
214,90.7817,98.2301,83.3333
215,90.7817,98.2301,83.3333
216,90.7817,98.2301,83.3333
217,90.7817,98.2301,83.3333
218,90.7817,98.2301,83.3333
219,90.7817,98.2301,83.3333
220,90.7817,98.2301,83.3333
221,90.7817,98.2301,83.3333
222,90.7817,98.2301,83.3333
223,90.7817,98.2301,83.3333
224,90.7817,98.2301,83.3333
225,90.7817,98.2301,83.3333
226,90.7817,98.2301,83.3333
227,90.7817,98.2301,83.3333
228,90.7817,98.2301,83.3333
229,90.7817,98.2301,83.3333
230,90.7817,98.2301,83.3333
231,90.7817,98.2301,83.3333
232,90.7817,98.2301,83.3333
233,90.7817,98.2301,83.3333
234,90.7817,98.2301,83.3333
235,90.7817,98.2301,83.3333
236,90.7817,98.2301,83.3333
237,90.7817,98.2301,83.3333
238,90.7817,98.2301,83.3333
239,90.7817,98.2301,83.3333
240,91.4602,92.9203,90
241,91.4602,92.9203,90
242,91.4602,92.9203,90
243,91.4602,92.9203,90
244,91.4602,92.9203,90
245,91.4602,92.9203,90
246,91.4602,92.9203,90
247,91.4602,92.9203,90
248,91.4602,92.9203,90
249,91.4602,92.9203,90
250,91.4602,92.9203,90
251,91.4602,92.9203,90
252,91.4602,92.9203,90
253,91.4602,92.9203,90
254,91.4602,92.9203,90
255,91.4602,92.9203,90
256,91.4602,92.9203,90
257,91.4602,92.9203,90
258,91.4602,92.9203,90
259,91.4602,92.9203,90
260,91.4602,92.9203,90
261,91.4602,92.9203,90
262,91.4602,92.9203,90
263,91.4602,92.9203,90
264,91.4602,92.9203,90
265,91.4602,92.9203,90
266,91.4602,92.9203,90
267,91.4602,92.9203,90
268,91.4602,92.9203,90
269,91.4602,92.9203,90
270,91.4602,92.9203,90
271,91.4602,92.9203,90
272,91.4602,92.9203,90
273,91.4602,92.9203,90
274,91.4602,92.9203,90
275,91.4602,92.9203,90
276,91.4602,92.9203,90
277,91.4602,92.9203,90
278,91.4602,92.9203,90
279,91.4602,92.9203,90
280,91.4602,92.9203,90
281,91.4602,92.9203,90
282,91.4602,92.9203,90
283,91.4602,92.9203,90
284,91.4602,92.9203,90
285,91.4602,92.9203,90
286,91.4602,92.9203,90
287,91.4602,92.9203,90
288,91.4602,92.9203,90
289,91.4602,92.9203,90
290,91.4602,92.9203,90
291,91.4602,92.9203,90
292,91.4602,92.9203,90
293,91.4602,92.9203,90
294,91.4602,92.9203,90
295,91.4602,92.9203,90
296,91.4602,92.9203,90
297,91.4602,92.9203,90
298,91.4602,92.9203,90
299,91.4602,92.9203,90
300,91.4602,92.9203,90
