n_gen,%agr,%clas,%red
2,59.0118,94.6903,23.3333
3,62.7876,95.5752,30
4,62.7876,95.5752,30
5,62.7876,95.5752,30
6,64.351,92.0354,36.6667
7,65.6785,94.6903,36.6667
8,67.3451,94.6903,40
9,67.3451,94.6903,40
10,68.1268,92.9203,43.3333
11,71.7994,90.2655,53.3333
12,71.7994,90.2655,53.3333
13,71.7994,90.2655,53.3333
14,73.1268,92.9203,53.3333
15,73.1268,92.9203,53.3333
16,75.236,93.8053,56.6667
17,75.236,93.8053,56.6667
18,77.3451,94.6903,60
19,77.3451,94.6903,60
20,77.3451,94.6903,60
21,77.3451,94.6903,60
22,77.3451,94.6903,60
23,77.3451,94.6903,60
24,77.3451,94.6903,60
25,79.0118,94.6903,63.3333
26,79.0118,94.6903,63.3333
27,82.6844,92.0354,73.3333
28,82.6844,92.0354,73.3333
29,82.6844,92.0354,73.3333
30,82.6844,92.0354,73.3333
31,82.6844,92.0354,73.3333
32,82.6844,92.0354,73.3333
33,82.6844,92.0354,73.3333
34,82.6844,92.0354,73.3333
35,83.4661,90.2655,76.6667
36,83.4661,90.2655,76.6667
37,83.4661,90.2655,76.6667
38,85.1327,90.2655,80
39,85.1327,90.2655,80
40,85.1327,90.2655,80
41,85.1327,90.2655,80
42,85.1327,90.2655,80
43,85.1327,90.2655,80
44,85.1327,90.2655,80
45,85.1327,90.2655,80
46,89.351,92.0354,86.6667
47,89.351,92.0354,86.6667
48,89.351,92.0354,86.6667
49,89.351,92.0354,86.6667
50,90.236,93.8053,86.6667
51,90.236,93.8053,86.6667
52,90.236,93.8053,86.6667
53,90.236,93.8053,86.6667
54,90.3392,97.3451,83.3333
55,90.3392,97.3451,83.3333
56,91.1209,95.5752,86.6667
57,91.1209,95.5752,86.6667
58,91.5634,96.4602,86.6667
59,91.5634,96.4602,86.6667
60,91.5634,96.4602,86.6667
61,93.2301,96.4602,90
62,93.2301,96.4602,90
63,93.2301,96.4602,90
64,93.2301,96.4602,90
65,93.2301,96.4602,90
66,93.2301,96.4602,90
67,93.2301,96.4602,90
68,93.2301,96.4602,90
69,93.2301,96.4602,90
70,93.2301,96.4602,90
71,93.2301,96.4602,90
72,93.2301,96.4602,90
73,93.2301,96.4602,90
74,93.2301,96.4602,90
75,93.2301,96.4602,90
76,93.2301,96.4602,90
77,93.2301,96.4602,90
78,93.2301,96.4602,90
79,93.2301,96.4602,90
80,93.2301,96.4602,90
81,93.2301,96.4602,90
82,93.2301,96.4602,90
83,93.2301,96.4602,90
84,93.6726,97.3451,90
85,93.6726,97.3451,90
86,93.6726,97.3451,90
87,93.6726,97.3451,90
88,93.6726,97.3451,90
89,93.6726,97.3451,90
90,93.6726,97.3451,90
91,93.6726,97.3451,90
92,93.6726,97.3451,90
93,93.6726,97.3451,90
94,93.6726,97.3451,90
95,93.6726,97.3451,90
96,93.6726,97.3451,90
97,93.6726,97.3451,90
98,93.6726,97.3451,90
99,93.6726,97.3451,90
100,93.6726,97.3451,90
101,93.6726,97.3451,90
102,93.6726,97.3451,90
103,93.6726,97.3451,90
104,93.6726,97.3451,90
105,93.6726,97.3451,90
106,93.6726,97.3451,90
107,93.6726,97.3451,90
108,93.6726,97.3451,90
109,93.6726,97.3451,90
110,93.6726,97.3451,90
111,93.6726,97.3451,90
112,93.6726,97.3451,90
113,93.6726,97.3451,90
114,93.6726,97.3451,90
115,93.6726,97.3451,90
116,93.6726,97.3451,90
117,93.6726,97.3451,90
118,93.6726,97.3451,90
119,93.6726,97.3451,90
120,93.6726,97.3451,90
121,93.6726,97.3451,90
122,93.6726,97.3451,90
123,93.6726,97.3451,90
124,93.6726,97.3451,90
125,93.6726,97.3451,90
126,93.6726,97.3451,90
127,93.6726,97.3451,90
128,93.6726,97.3451,90
129,93.6726,97.3451,90
130,93.6726,97.3451,90
131,93.6726,97.3451,90
132,93.6726,97.3451,90
133,93.6726,97.3451,90
134,93.6726,97.3451,90
135,93.6726,97.3451,90
136,93.6726,97.3451,90
137,93.6726,97.3451,90
138,93.6726,97.3451,90
139,93.6726,97.3451,90
140,93.6726,97.3451,90
141,93.6726,97.3451,90
142,93.6726,97.3451,90
143,93.6726,97.3451,90
144,93.6726,97.3451,90
145,93.6726,97.3451,90
146,93.6726,97.3451,90
147,93.6726,97.3451,90
148,93.6726,97.3451,90
149,93.6726,97.3451,90
150,93.6726,97.3451,90
151,93.6726,97.3451,90
152,93.6726,97.3451,90
153,93.6726,97.3451,90
154,93.6726,97.3451,90
155,93.6726,97.3451,90
156,93.6726,97.3451,90
157,93.6726,97.3451,90
158,93.6726,97.3451,90
159,93.6726,97.3451,90
160,93.6726,97.3451,90
161,93.6726,97.3451,90
162,93.6726,97.3451,90
163,93.6726,97.3451,90
164,93.6726,97.3451,90
165,93.6726,97.3451,90
166,93.6726,97.3451,90
167,93.6726,97.3451,90
168,93.6726,97.3451,90
169,93.6726,97.3451,90
170,93.6726,97.3451,90
171,93.6726,97.3451,90
172,93.6726,97.3451,90
173,93.6726,97.3451,90
174,93.6726,97.3451,90
175,93.6726,97.3451,90
176,93.6726,97.3451,90
177,93.6726,97.3451,90
178,93.6726,97.3451,90
179,93.6726,97.3451,90
180,93.6726,97.3451,90
181,93.6726,97.3451,90
182,93.6726,97.3451,90
183,93.6726,97.3451,90
184,93.6726,97.3451,90
185,93.6726,97.3451,90
186,93.6726,97.3451,90
187,93.6726,97.3451,90
188,93.6726,97.3451,90
189,93.6726,97.3451,90
190,93.6726,97.3451,90
191,93.6726,97.3451,90
192,93.6726,97.3451,90
193,93.6726,97.3451,90
194,93.6726,97.3451,90
195,93.6726,97.3451,90
196,93.6726,97.3451,90
197,93.6726,97.3451,90
198,93.6726,97.3451,90
199,93.6726,97.3451,90
200,93.6726,97.3451,90
201,93.6726,97.3451,90
202,93.6726,97.3451,90
203,93.6726,97.3451,90
204,93.6726,97.3451,90
205,93.6726,97.3451,90
206,93.6726,97.3451,90
207,93.6726,97.3451,90
208,93.6726,97.3451,90
209,93.6726,97.3451,90
210,93.6726,97.3451,90
211,93.6726,97.3451,90
212,93.6726,97.3451,90
213,93.6726,97.3451,90
214,93.6726,97.3451,90
215,93.6726,97.3451,90
216,93.6726,97.3451,90
217,93.6726,97.3451,90
218,93.6726,97.3451,90
219,93.6726,97.3451,90
220,93.6726,97.3451,90
221,93.6726,97.3451,90
222,93.6726,97.3451,90
223,93.6726,97.3451,90
224,93.6726,97.3451,90
225,93.6726,97.3451,90
226,93.6726,97.3451,90
227,93.6726,97.3451,90
228,93.6726,97.3451,90
229,93.6726,97.3451,90
230,93.6726,97.3451,90
231,93.6726,97.3451,90
232,93.6726,97.3451,90
233,93.6726,97.3451,90
234,93.6726,97.3451,90
235,93.6726,97.3451,90
236,93.6726,97.3451,90
237,93.6726,97.3451,90
238,93.6726,97.3451,90
239,93.6726,97.3451,90
240,93.6726,97.3451,90
241,93.6726,97.3451,90
242,93.6726,97.3451,90
243,93.6726,97.3451,90
244,93.6726,97.3451,90
245,93.6726,97.3451,90
246,93.6726,97.3451,90
247,93.6726,97.3451,90
248,93.6726,97.3451,90
249,93.6726,97.3451,90
250,93.6726,97.3451,90
251,93.6726,97.3451,90
252,93.6726,97.3451,90
253,93.6726,97.3451,90
254,93.6726,97.3451,90
255,93.6726,97.3451,90
256,93.6726,97.3451,90
257,93.6726,97.3451,90
258,93.6726,97.3451,90
259,93.6726,97.3451,90
260,93.6726,97.3451,90
261,93.6726,97.3451,90
262,93.6726,97.3451,90
263,93.6726,97.3451,90
264,93.6726,97.3451,90
265,93.6726,97.3451,90
266,93.6726,97.3451,90
267,93.6726,97.3451,90
268,93.6726,97.3451,90
269,93.6726,97.3451,90
270,93.6726,97.3451,90
271,93.6726,97.3451,90
272,93.6726,97.3451,90
273,93.6726,97.3451,90
274,93.6726,97.3451,90
275,93.6726,97.3451,90
276,93.6726,97.3451,90
277,93.6726,97.3451,90
278,93.6726,97.3451,90
279,93.6726,97.3451,90
280,93.6726,97.3451,90
281,93.6726,97.3451,90
282,93.6726,97.3451,90
283,93.6726,97.3451,90
284,93.6726,97.3451,90
285,93.6726,97.3451,90
286,93.6726,97.3451,90
287,93.6726,97.3451,90
288,93.6726,97.3451,90
289,93.6726,97.3451,90
290,93.6726,97.3451,90
291,93.6726,97.3451,90
292,93.6726,97.3451,90
293,93.6726,97.3451,90
294,93.6726,97.3451,90
295,93.6726,97.3451,90
296,93.6726,97.3451,90
297,93.6726,97.3451,90
298,93.6726,97.3451,90
299,93.6726,97.3451,90
300,93.6726,97.3451,90
