n_gen,%agr,%clas,%red
2,62.4786,98.2906,26.6667
3,67.0086,94.0171,40
4,71.1966,95.7265,46.6667
5,71.1966,95.7265,46.6667
6,71.1966,95.7265,46.6667
7,71.6239,96.5812,46.6667
8,72.4359,94.8718,50
9,72.4359,94.8718,50
10,72.4359,94.8718,50
11,73.7179,97.4359,50
12,74.5299,95.7265,53.3333
13,74.5299,95.7265,53.3333
14,76.5812,93.1624,60
15,76.5812,93.1624,60
16,79.9573,96.5812,63.3333
17,79.9573,96.5812,63.3333
18,82.4786,98.2906,66.6667
19,82.4786,98.2906,66.6667
20,82.4786,98.2906,66.6667
21,82.4786,98.2906,66.6667
22,87.0085,94.0171,80
23,87.0085,94.0171,80
24,87.0085,94.0171,80
25,87.0085,94.0171,80
26,87.0085,94.0171,80
27,87.0085,94.0171,80
28,87.4359,94.8718,80
29,87.4359,94.8718,80
30,87.4359,94.8718,80
31,87.4359,94.8718,80
32,87.4359,94.8718,80
33,87.4359,94.8718,80
34,87.8633,95.7265,80
35,87.8633,95.7265,80
36,89.1026,94.8718,83.3333
37,90.3419,94.0171,86.6667
38,90.3419,94.0171,86.6667
39,90.3419,94.0171,86.6667
40,90.3419,94.0171,86.6667
41,90.3419,94.0171,86.6667
42,90.3419,94.0171,86.6667
43,90.3419,94.0171,86.6667
44,90.3419,94.0171,86.6667
45,90.3419,94.0171,86.6667
46,90.3419,94.0171,86.6667
47,90.3419,94.0171,86.6667
48,91.1966,95.7265,86.6667
49,91.1966,95.7265,86.6667
50,91.1966,95.7265,86.6667
51,91.1966,95.7265,86.6667
52,91.5812,93.1624,90
53,92.8205,92.3077,93.3333
54,92.8205,92.3077,93.3333
55,93.7179,97.4359,90
56,93.7179,97.4359,90
57,93.7179,97.4359,90
58,93.7179,97.4359,90
59,93.7179,97.4359,90
60,94.1453,98.2906,90
61,94.1453,98.2906,90
62,94.1453,98.2906,90
63,94.1453,98.2906,90
64,94.1453,98.2906,90
65,94.1453,98.2906,90
66,94.1453,98.2906,90
67,94.1453,98.2906,90
68,94.1453,98.2906,90
69,94.1453,98.2906,90
70,94.5299,95.7265,93.3333
71,94.5299,95.7265,93.3333
72,94.5299,95.7265,93.3333
73,94.5299,95.7265,93.3333
74,94.5299,95.7265,93.3333
75,94.5299,95.7265,93.3333
76,94.5299,95.7265,93.3333
77,94.5299,95.7265,93.3333
78,94.5299,95.7265,93.3333
79,94.5299,95.7265,93.3333
80,94.5299,95.7265,93.3333
81,94.5299,95.7265,93.3333
82,94.5299,95.7265,93.3333
83,94.5299,95.7265,93.3333
84,94.5299,95.7265,93.3333
85,94.5299,95.7265,93.3333
86,94.5299,95.7265,93.3333
87,94.5299,95.7265,93.3333
88,94.5299,95.7265,93.3333
89,94.5299,95.7265,93.3333
90,94.5299,95.7265,93.3333
91,94.5299,95.7265,93.3333
92,94.5299,95.7265,93.3333
93,94.5299,95.7265,93.3333
94,94.5299,95.7265,93.3333
95,94.5299,95.7265,93.3333
96,94.5299,95.7265,93.3333
97,94.5299,95.7265,93.3333
98,94.5299,95.7265,93.3333
99,94.5299,95.7265,93.3333
100,94.5299,95.7265,93.3333
101,94.5299,95.7265,93.3333
102,94.5299,95.7265,93.3333
103,94.5299,95.7265,93.3333
104,94.5299,95.7265,93.3333
105,94.5299,95.7265,93.3333
106,94.5299,95.7265,93.3333
107,94.5299,95.7265,93.3333
108,94.5299,95.7265,93.3333
109,94.5299,95.7265,93.3333
110,94.5299,95.7265,93.3333
111,94.5299,95.7265,93.3333
112,94.5299,95.7265,93.3333
113,94.5299,95.7265,93.3333
114,94.5299,95.7265,93.3333
115,94.5299,95.7265,93.3333
116,94.5299,95.7265,93.3333
117,94.5299,95.7265,93.3333
118,94.5299,95.7265,93.3333
119,94.5299,95.7265,93.3333
120,94.5299,95.7265,93.3333
121,94.5299,95.7265,93.3333
122,94.5299,95.7265,93.3333
123,94.5299,95.7265,93.3333
124,94.5299,95.7265,93.3333
125,94.5299,95.7265,93.3333
126,94.5727,99.1453,90
127,94.5727,99.1453,90
128,94.5727,99.1453,90
129,94.5727,99.1453,90
130,94.5727,99.1453,90
131,94.5727,99.1453,90
132,94.5727,99.1453,90
133,94.5727,99.1453,90
134,94.5727,99.1453,90
135,94.5727,99.1453,90
136,94.5727,99.1453,90
137,94.5727,99.1453,90
138,94.5727,99.1453,90
139,94.5727,99.1453,90
140,94.5727,99.1453,90
141,94.5727,99.1453,90
142,94.5727,99.1453,90
143,94.5727,99.1453,90
144,94.5727,99.1453,90
145,94.5727,99.1453,90
146,94.5727,99.1453,90
147,94.5727,99.1453,90
148,94.5727,99.1453,90
149,94.5727,99.1453,90
150,94.5727,99.1453,90
151,94.5727,99.1453,90
152,94.5727,99.1453,90
153,94.5727,99.1453,90
154,94.5727,99.1453,90
155,94.5727,99.1453,90
156,94.5727,99.1453,90
157,94.5727,99.1453,90
158,94.5727,99.1453,90
159,94.5727,99.1453,90
160,94.5727,99.1453,90
161,94.5727,99.1453,90
162,94.5727,99.1453,90
163,94.5727,99.1453,90
164,94.5727,99.1453,90
165,94.5727,99.1453,90
166,94.5727,99.1453,90
167,94.5727,99.1453,90
168,94.5727,99.1453,90
169,94.5727,99.1453,90
170,94.5727,99.1453,90
171,94.5727,99.1453,90
172,94.5727,99.1453,90
173,94.5727,99.1453,90
174,94.5727,99.1453,90
175,94.5727,99.1453,90
176,94.5727,99.1453,90
177,94.5727,99.1453,90
178,94.5727,99.1453,90
179,94.5727,99.1453,90
180,94.5727,99.1453,90
181,94.5727,99.1453,90
182,94.5727,99.1453,90
183,94.5727,99.1453,90
184,94.5727,99.1453,90
185,94.5727,99.1453,90
186,94.5727,99.1453,90
187,94.5727,99.1453,90
188,94.5727,99.1453,90
189,94.5727,99.1453,90
190,94.5727,99.1453,90
191,94.5727,99.1453,90
192,94.5727,99.1453,90
193,94.5727,99.1453,90
194,94.5727,99.1453,90
195,94.5727,99.1453,90
196,94.5727,99.1453,90
197,94.5727,99.1453,90
198,94.5727,99.1453,90
199,94.5727,99.1453,90
200,94.5727,99.1453,90
201,94.5727,99.1453,90
202,94.5727,99.1453,90
203,94.5727,99.1453,90
204,94.5727,99.1453,90
205,94.5727,99.1453,90
206,94.5727,99.1453,90
207,94.5727,99.1453,90
208,94.5727,99.1453,90
209,94.5727,99.1453,90
210,94.5727,99.1453,90
211,94.5727,99.1453,90
212,94.5727,99.1453,90
213,94.5727,99.1453,90
214,94.5727,99.1453,90
215,94.5727,99.1453,90
216,94.5727,99.1453,90
217,94.5727,99.1453,90
218,94.5727,99.1453,90
219,94.5727,99.1453,90
220,94.5727,99.1453,90
221,94.5727,99.1453,90
222,94.5727,99.1453,90
223,94.5727,99.1453,90
224,94.5727,99.1453,90
225,94.5727,99.1453,90
226,94.5727,99.1453,90
227,94.5727,99.1453,90
228,94.5727,99.1453,90
229,94.5727,99.1453,90
230,94.5727,99.1453,90
231,94.5727,99.1453,90
232,94.5727,99.1453,90
233,94.5727,99.1453,90
234,94.5727,99.1453,90
235,94.5727,99.1453,90
236,94.5727,99.1453,90
237,94.5727,99.1453,90
238,94.5727,99.1453,90
239,94.5727,99.1453,90
240,94.5727,99.1453,90
241,94.5727,99.1453,90
242,94.5727,99.1453,90
243,94.5727,99.1453,90
244,94.5727,99.1453,90
245,94.5727,99.1453,90
246,94.5727,99.1453,90
247,94.5727,99.1453,90
248,94.5727,99.1453,90
249,94.5727,99.1453,90
250,94.5727,99.1453,90
251,94.5727,99.1453,90
252,94.5727,99.1453,90
253,94.5727,99.1453,90
254,94.5727,99.1453,90
255,94.5727,99.1453,90
256,94.5727,99.1453,90
257,94.5727,99.1453,90
258,94.5727,99.1453,90
259,94.5727,99.1453,90
260,94.5727,99.1453,90
261,94.5727,99.1453,90
262,94.5727,99.1453,90
263,94.5727,99.1453,90
264,94.5727,99.1453,90
265,94.5727,99.1453,90
266,94.5727,99.1453,90
267,94.5727,99.1453,90
268,94.5727,99.1453,90
269,94.5727,99.1453,90
270,94.5727,99.1453,90
271,94.5727,99.1453,90
272,94.5727,99.1453,90
273,94.5727,99.1453,90
274,94.5727,99.1453,90
275,94.5727,99.1453,90
276,94.5727,99.1453,90
277,94.5727,99.1453,90
278,94.5727,99.1453,90
279,94.5727,99.1453,90
280,94.5727,99.1453,90
281,94.5727,99.1453,90
282,94.5727,99.1453,90
283,94.5727,99.1453,90
284,94.5727,99.1453,90
285,94.5727,99.1453,90
286,94.5727,99.1453,90
287,94.5727,99.1453,90
288,94.5727,99.1453,90
289,94.5727,99.1453,90
290,94.5727,99.1453,90
291,94.5727,99.1453,90
292,94.5727,99.1453,90
293,94.5727,99.1453,90
294,94.5727,99.1453,90
295,94.5727,99.1453,90
296,94.5727,99.1453,90
297,94.5727,99.1453,90
298,94.5727,99.1453,90
299,94.5727,99.1453,90
300,94.5727,99.1453,90
