n_gen,%agr,%clas,%red
0,59.0118,94.6903,23.3333
1,55.236,93.8053,16.6667
2,57.2419,91.1504,23.3333
3,57.3451,94.6903,20
4,56.9027,93.8053,20
5,56.9027,93.8053,20
6,58.5693,93.8053,23.3333
7,60.6785,94.6903,26.6667
8,59.351,92.0354,26.6667
9,59.351,92.0354,26.6667
10,60.236,93.8053,26.6667
11,59.0118,94.6903,23.3333
12,61.9027,93.8053,30
13,61.9027,93.8053,30
14,61.9027,93.8053,30
15,62.3451,94.6903,30
16,62.3451,94.6903,30
17,62.3451,94.6903,30
18,63.5693,93.8053,33.3333
19,63.5693,93.8053,33.3333
20,63.5693,93.8053,33.3333
21,63.9086,91.1504,36.6667
22,64.0118,94.6903,33.3333
23,64.0118,94.6903,33.3333
24,64.0118,94.6903,33.3333
25,64.0118,94.6903,33.3333
26,64.0118,94.6903,33.3333
27,64.0118,94.6903,33.3333
28,64.0118,94.6903,33.3333
29,64.0118,94.6903,33.3333
30,64.0118,94.6903,33.3333
31,64.0118,94.6903,33.3333
32,64.0118,94.6903,33.3333
33,64.0118,94.6903,33.3333
34,64.0118,94.6903,33.3333
35,64.0118,94.6903,33.3333
36,64.0118,94.6903,33.3333
37,64.0118,94.6903,33.3333
38,64.0118,94.6903,33.3333
39,64.0118,94.6903,33.3333
40,64.0118,94.6903,33.3333
41,64.0118,94.6903,33.3333
42,64.0118,94.6903,33.3333
43,64.0118,94.6903,33.3333
44,65.6785,94.6903,36.6667
45,65.6785,94.6903,36.6667
46,65.6785,94.6903,36.6667
47,65.6785,94.6903,36.6667
48,65.6785,94.6903,36.6667
49,65.6785,94.6903,36.6667
50,65.6785,94.6903,36.6667
51,65.6785,94.6903,36.6667
52,65.6785,94.6903,36.6667
53,65.6785,94.6903,36.6667
54,65.6785,94.6903,36.6667
55,65.6785,94.6903,36.6667
56,65.6785,94.6903,36.6667
57,65.6785,94.6903,36.6667
58,65.6785,94.6903,36.6667
59,65.6785,94.6903,36.6667
60,65.6785,94.6903,36.6667
61,65.6785,94.6903,36.6667
62,65.6785,94.6903,36.6667
63,65.6785,94.6903,36.6667
64,65.6785,94.6903,36.6667
65,65.6785,94.6903,36.6667
66,65.6785,94.6903,36.6667
67,65.6785,94.6903,36.6667
68,65.6785,94.6903,36.6667
69,65.6785,94.6903,36.6667
70,65.6785,94.6903,36.6667
71,65.6785,94.6903,36.6667
72,65.6785,94.6903,36.6667
73,65.6785,94.6903,36.6667
74,65.6785,94.6903,36.6667
75,65.6785,94.6903,36.6667
76,65.6785,94.6903,36.6667
77,65.6785,94.6903,36.6667
78,65.6785,94.6903,36.6667
79,65.6785,94.6903,36.6667
80,66.4602,92.9203,40
81,66.4602,92.9203,40
82,66.4602,92.9203,40
83,66.4602,92.9203,40
84,66.4602,92.9203,40
85,66.4602,92.9203,40
86,66.4602,92.9203,40
87,66.4602,92.9203,40
88,66.4602,92.9203,40
89,66.4602,92.9203,40
90,66.4602,92.9203,40
91,66.4602,92.9203,40
92,66.9027,93.8053,40
93,66.9027,93.8053,40
94,66.9027,93.8053,40
95,66.9027,93.8053,40
96,66.9027,93.8053,40
97,66.9027,93.8053,40
98,66.9027,93.8053,40
99,66.9027,93.8053,40
100,66.9027,93.8053,40
101,68.1268,92.9203,43.3333
102,68.1268,92.9203,43.3333
103,67.2419,91.1504,43.3333
104,67.2419,91.1504,43.3333
105,67.2419,91.1504,43.3333
106,67.2419,91.1504,43.3333
107,67.2419,91.1504,43.3333
108,67.2419,91.1504,43.3333
109,67.2419,91.1504,43.3333
110,67.2419,91.1504,43.3333
111,67.2419,91.1504,43.3333
112,67.2419,91.1504,43.3333
113,67.2419,91.1504,43.3333
114,67.2419,91.1504,43.3333
115,67.2419,91.1504,43.3333
116,67.2419,91.1504,43.3333
117,67.2419,91.1504,43.3333
118,67.2419,91.1504,43.3333
119,67.2419,91.1504,43.3333
120,68.1268,92.9203,43.3333
121,68.1268,92.9203,43.3333
122,68.1268,92.9203,43.3333
123,68.1268,92.9203,43.3333
124,67.2419,91.1504,43.3333
125,67.2419,91.1504,43.3333
126,67.2419,91.1504,43.3333
127,68.1268,92.9203,43.3333
128,68.1268,92.9203,43.3333
129,68.5693,93.8053,43.3333
130,68.5693,93.8053,43.3333
131,70.236,93.8053,46.6667
132,70.236,93.8053,46.6667
133,70.236,93.8053,46.6667
134,70.236,93.8053,46.6667
135,70.236,93.8053,46.6667
136,70.236,93.8053,46.6667
137,71.9027,93.8053,50
138,71.9027,93.8053,50
139,71.9027,93.8053,50
140,73.1268,92.9203,53.3333
141,71.9027,93.8053,50
142,71.9027,93.8053,50
143,71.9027,93.8053,50
144,71.9027,93.8053,50
145,71.9027,93.8053,50
146,71.9027,93.8053,50
147,71.9027,93.8053,50
148,71.9027,93.8053,50
149,71.9027,93.8053,50
150,71.9027,93.8053,50
151,71.9027,93.8053,50
152,71.9027,93.8053,50
153,71.9027,93.8053,50
154,71.9027,93.8053,50
155,71.9027,93.8053,50
156,71.9027,93.8053,50
157,71.9027,93.8053,50
158,71.9027,93.8053,50
159,71.9027,93.8053,50
160,72.6844,92.0354,53.3333
161,72.6844,92.0354,53.3333
162,72.6844,92.0354,53.3333
163,72.6844,92.0354,53.3333
164,72.6844,92.0354,53.3333
165,74.7935,92.9203,56.6667
166,72.6844,92.0354,53.3333
167,72.6844,92.0354,53.3333
168,72.6844,92.0354,53.3333
169,73.1268,92.9203,53.3333
170,73.1268,92.9203,53.3333
171,73.1268,92.9203,53.3333
172,73.1268,92.9203,53.3333
173,73.1268,92.9203,53.3333
174,73.1268,92.9203,53.3333
175,73.1268,92.9203,53.3333
176,73.1268,92.9203,53.3333
177,73.1268,92.9203,53.3333
178,73.1268,92.9203,53.3333
179,73.1268,92.9203,53.3333
180,73.1268,92.9203,53.3333
181,73.1268,92.9203,53.3333
182,73.1268,92.9203,53.3333
183,73.1268,92.9203,53.3333
184,73.1268,92.9203,53.3333
185,73.1268,92.9203,53.3333
186,74.7935,92.9203,56.6667
187,74.7935,92.9203,56.6667
188,74.7935,92.9203,56.6667
189,74.7935,92.9203,56.6667
190,74.7935,92.9203,56.6667
191,74.7935,92.9203,56.6667
192,74.7935,92.9203,56.6667
193,74.7935,92.9203,56.6667
194,76.9026,93.8053,60
195,74.7935,92.9203,56.6667
196,74.7935,92.9203,56.6667
197,74.7935,92.9203,56.6667
198,74.7935,92.9203,56.6667
199,74.7935,92.9203,56.6667
200,74.7935,92.9203,56.6667
201,74.7935,92.9203,56.6667
202,74.7935,92.9203,56.6667
203,74.7935,92.9203,56.6667
204,75.5752,91.1504,60
205,74.7935,92.9203,56.6667
206,76.9026,93.8053,60
207,76.9026,93.8053,60
208,76.9026,93.8053,60
209,76.9026,93.8053,60
210,76.9026,93.8053,60
211,76.9026,93.8053,60
212,74.7935,92.9203,56.6667
213,74.7935,92.9203,56.6667
214,74.7935,92.9203,56.6667
215,74.7935,92.9203,56.6667
216,74.7935,92.9203,56.6667
217,74.7935,92.9203,56.6667
218,74.7935,92.9203,56.6667
219,74.7935,92.9203,56.6667
220,74.7935,92.9203,56.6667
221,74.7935,92.9203,56.6667
222,74.7935,92.9203,56.6667
223,74.7935,92.9203,56.6667
224,74.7935,92.9203,56.6667
225,74.7935,92.9203,56.6667
226,74.7935,92.9203,56.6667
227,74.7935,92.9203,56.6667
228,74.7935,92.9203,56.6667
229,76.4602,92.9203,60
230,76.4602,92.9203,60
231,76.4602,92.9203,60
232,76.4602,92.9203,60
233,74.7935,92.9203,56.6667
234,74.7935,92.9203,56.6667
235,76.4602,92.9203,60
236,74.7935,92.9203,56.6667
237,74.7935,92.9203,56.6667
238,74.7935,92.9203,56.6667
239,74.7935,92.9203,56.6667
240,74.7935,92.9203,56.6667
241,74.7935,92.9203,56.6667
242,74.7935,92.9203,56.6667
243,74.7935,92.9203,56.6667
244,74.7935,92.9203,56.6667
245,74.7935,92.9203,56.6667
246,74.7935,92.9203,56.6667
247,74.7935,92.9203,56.6667
248,74.7935,92.9203,56.6667
249,76.9026,93.8053,60
250,74.7935,92.9203,56.6667
251,74.7935,92.9203,56.6667
252,74.7935,92.9203,56.6667
253,74.7935,92.9203,56.6667
254,74.7935,92.9203,56.6667
255,74.7935,92.9203,56.6667
256,74.7935,92.9203,56.6667
257,74.7935,92.9203,56.6667
258,76.4602,92.9203,60
259,76.9026,93.8053,60
260,75.236,93.8053,56.6667
261,74.7935,92.9203,56.6667
262,74.7935,92.9203,56.6667
263,75.236,93.8053,56.6667
264,75.236,93.8053,56.6667
265,75.236,93.8053,56.6667
266,75.236,93.8053,56.6667
267,75.236,93.8053,56.6667
268,75.236,93.8053,56.6667
269,75.236,93.8053,56.6667
270,75.236,93.8053,56.6667
271,75.236,93.8053,56.6667
272,75.236,93.8053,56.6667
273,75.236,93.8053,56.6667
274,75.236,93.8053,56.6667
275,75.236,93.8053,56.6667
276,75.236,93.8053,56.6667
277,75.236,93.8053,56.6667
278,77.3451,94.6903,60
279,77.3451,94.6903,60
280,77.3451,94.6903,60
281,77.3451,94.6903,60
282,77.3451,94.6903,60
283,77.3451,94.6903,60
284,77.3451,94.6903,60
285,77.3451,94.6903,60
286,77.3451,94.6903,60
287,79.4543,95.5752,63.3333
288,79.4543,95.5752,63.3333
289,81.1209,95.5752,66.6667
290,79.4543,95.5752,63.3333
291,79.4543,95.5752,63.3333
292,79.4543,95.5752,63.3333
293,79.4543,95.5752,63.3333
294,79.4543,95.5752,63.3333
295,79.4543,95.5752,63.3333
296,79.4543,95.5752,63.3333
297,79.4543,95.5752,63.3333
298,79.4543,95.5752,63.3333
299,79.4543,95.5752,63.3333
300,79.4543,95.5752,63.3333
301,81.1209,95.5752,66.6667
302,81.1209,95.5752,66.6667
303,81.1209,95.5752,66.6667
304,81.1209,95.5752,66.6667
305,81.1209,95.5752,66.6667
306,81.1209,95.5752,66.6667
307,81.1209,95.5752,66.6667
308,81.1209,95.5752,66.6667
309,83.2301,96.4602,70
310,83.2301,96.4602,70
311,81.1209,95.5752,66.6667
312,81.1209,95.5752,66.6667
313,81.1209,95.5752,66.6667
314,81.1209,95.5752,66.6667
315,81.1209,95.5752,66.6667
316,81.1209,95.5752,66.6667
317,81.1209,95.5752,66.6667
318,81.5634,96.4602,66.6667
319,81.5634,96.4602,66.6667
320,81.5634,96.4602,66.6667
321,81.5634,96.4602,66.6667
322,81.5634,96.4602,66.6667
323,81.5634,96.4602,66.6667
324,81.5634,96.4602,66.6667
325,81.5634,96.4602,66.6667
326,81.5634,96.4602,66.6667
327,81.5634,96.4602,66.6667
328,81.5634,96.4602,66.6667
329,81.5634,96.4602,66.6667
330,83.6726,97.3451,70
331,83.6726,97.3451,70
332,83.6726,97.3451,70
333,83.6726,97.3451,70
334,83.6726,97.3451,70
335,83.6726,97.3451,70
336,83.6726,97.3451,70
337,83.6726,97.3451,70
338,83.6726,97.3451,70
339,83.6726,97.3451,70
340,83.6726,97.3451,70
341,85.3392,97.3451,73.3333
342,85.3392,97.3451,73.3333
343,83.6726,97.3451,70
344,83.6726,97.3451,70
345,83.6726,97.3451,70
346,85.3392,97.3451,73.3333
347,83.6726,97.3451,70
348,83.6726,97.3451,70
349,83.6726,97.3451,70
350,83.6726,97.3451,70
351,83.6726,97.3451,70
352,83.6726,97.3451,70
353,85.3392,97.3451,73.3333
354,85.3392,97.3451,73.3333
355,85.3392,97.3451,73.3333
356,85.3392,97.3451,73.3333
357,85.3392,97.3451,73.3333
358,83.6726,97.3451,70
359,83.6726,97.3451,70
360,85.3392,97.3451,73.3333
361,85.3392,97.3451,73.3333
362,85.3392,97.3451,73.3333
363,85.3392,97.3451,73.3333
364,85.3392,97.3451,73.3333
365,85.3392,97.3451,73.3333
366,85.3392,97.3451,73.3333
367,85.3392,97.3451,73.3333
368,85.3392,97.3451,73.3333
369,85.3392,97.3451,73.3333
370,85.3392,97.3451,73.3333
371,85.3392,97.3451,73.3333
372,85.3392,97.3451,73.3333
373,85.3392,97.3451,73.3333
374,85.3392,97.3451,73.3333
375,85.3392,97.3451,73.3333
376,85.3392,97.3451,73.3333
377,85.3392,97.3451,73.3333
378,85.3392,97.3451,73.3333
379,85.3392,97.3451,73.3333
380,85.3392,97.3451,73.3333
381,85.3392,97.3451,73.3333
382,85.3392,97.3451,73.3333
383,85.3392,97.3451,73.3333
384,85.3392,97.3451,73.3333
385,85.3392,97.3451,73.3333
386,85.3392,97.3451,73.3333
387,85.3392,97.3451,73.3333
388,85.3392,97.3451,73.3333
389,85.3392,97.3451,73.3333
390,85.3392,97.3451,73.3333
391,85.3392,97.3451,73.3333
392,85.3392,97.3451,73.3333
393,85.3392,97.3451,73.3333
394,85.3392,97.3451,73.3333
395,85.3392,97.3451,73.3333
396,85.3392,97.3451,73.3333
397,85.3392,97.3451,73.3333
398,85.3392,97.3451,73.3333
399,85.3392,97.3451,73.3333
400,85.3392,97.3451,73.3333
401,85.3392,97.3451,73.3333
402,85.3392,97.3451,73.3333
403,85.3392,97.3451,73.3333
404,85.3392,97.3451,73.3333
405,85.3392,97.3451,73.3333
406,85.3392,97.3451,73.3333
407,85.3392,97.3451,73.3333
408,85.3392,97.3451,73.3333
409,85.3392,97.3451,73.3333
410,85.3392,97.3451,73.3333
411,85.3392,97.3451,73.3333
412,85.3392,97.3451,73.3333
413,85.3392,97.3451,73.3333
414,85.3392,97.3451,73.3333
415,85.3392,97.3451,73.3333
416,85.3392,97.3451,73.3333
417,85.3392,97.3451,73.3333
418,85.3392,97.3451,73.3333
419,85.3392,97.3451,73.3333
420,85.3392,97.3451,73.3333
421,85.3392,97.3451,73.3333
422,86.5634,96.4602,76.6667
423,86.5634,96.4602,76.6667
424,86.5634,96.4602,76.6667
425,86.5634,96.4602,76.6667
426,86.5634,96.4602,76.6667
427,86.5634,96.4602,76.6667
428,86.5634,96.4602,76.6667
429,86.5634,96.4602,76.6667
430,86.5634,96.4602,76.6667
431,86.5634,96.4602,76.6667
432,86.5634,96.4602,76.6667
433,86.5634,96.4602,76.6667
434,86.5634,96.4602,76.6667
435,86.5634,96.4602,76.6667
436,86.5634,96.4602,76.6667
437,86.5634,96.4602,76.6667
438,86.5634,96.4602,76.6667
439,86.5634,96.4602,76.6667
440,86.5634,96.4602,76.6667
441,86.5634,96.4602,76.6667
442,86.5634,96.4602,76.6667
443,86.5634,96.4602,76.6667
444,86.5634,96.4602,76.6667
445,86.5634,96.4602,76.6667
446,86.5634,96.4602,76.6667
447,86.5634,96.4602,76.6667
448,86.5634,96.4602,76.6667
449,86.5634,96.4602,76.6667
450,86.5634,96.4602,76.6667
451,86.5634,96.4602,76.6667
452,86.5634,96.4602,76.6667
453,86.5634,96.4602,76.6667
454,86.5634,96.4602,76.6667
455,86.5634,96.4602,76.6667
456,86.5634,96.4602,76.6667
457,86.5634,96.4602,76.6667
458,86.5634,96.4602,76.6667
459,86.5634,96.4602,76.6667
460,86.5634,96.4602,76.6667
461,86.5634,96.4602,76.6667
462,86.5634,96.4602,76.6667
463,86.5634,96.4602,76.6667
464,86.5634,96.4602,76.6667
465,86.5634,96.4602,76.6667
466,86.5634,96.4602,76.6667
467,86.5634,96.4602,76.6667
468,86.5634,96.4602,76.6667
469,86.5634,96.4602,76.6667
470,86.5634,96.4602,76.6667
471,88.6726,97.3451,80
472,88.6726,97.3451,80
473,88.6726,97.3451,80
474,88.6726,97.3451,80
475,88.6726,97.3451,80
476,88.6726,97.3451,80
477,88.6726,97.3451,80
478,88.6726,97.3451,80
479,88.6726,97.3451,80
480,88.6726,97.3451,80
481,88.6726,97.3451,80
482,88.6726,97.3451,80
483,88.6726,97.3451,80
484,88.6726,97.3451,80
485,88.6726,97.3451,80
486,88.6726,97.3451,80
487,88.6726,97.3451,80
488,88.6726,97.3451,80
489,88.6726,97.3451,80
490,88.6726,97.3451,80
491,88.6726,97.3451,80
492,88.6726,97.3451,80
493,88.6726,97.3451,80
494,88.6726,97.3451,80
495,88.6726,97.3451,80
496,88.6726,97.3451,80
497,88.6726,97.3451,80
498,88.6726,97.3451,80
499,88.6726,97.3451,80
