n_cooling,%agr,%clas,%red
0,60.3392,97.3451,23.3333
1,70.3392,97.3451,43.3333
2,71.5634,96.4602,46.6667
3,76.1209,95.5752,56.6667
4,82.0059,97.3451,66.6667
5,82.0059,97.3451,66.6667
6,82.0059,97.3451,66.6667
7,82.0059,97.3451,66.6667
8,82.0059,97.3451,66.6667
9,82.0059,97.3451,66.6667
10,82.0059,97.3451,66.6667
11,82.0059,97.3451,66.6667
12,82.0059,97.3451,66.6667
13,82.0059,97.3451,66.6667
14,82.0059,97.3451,66.6667
15,82.7876,95.5752,70
16,82.7876,95.5752,70
17,82.7876,95.5752,70
18,82.7876,95.5752,70
19,82.7876,95.5752,70
20,82.7876,95.5752,70
21,82.7876,95.5752,70
22,82.7876,95.5752,70
23,82.7876,95.5752,70
24,82.7876,95.5752,70
25,82.7876,95.5752,70
26,82.7876,95.5752,70
27,83.2301,96.4602,70
28,83.2301,96.4602,70
29,83.2301,96.4602,70
30,83.2301,96.4602,70
31,83.2301,96.4602,70
32,83.2301,96.4602,70
33,83.2301,96.4602,70
34,83.2301,96.4602,70
35,83.2301,96.4602,70
36,83.2301,96.4602,70
37,83.2301,96.4602,70
38,83.2301,96.4602,70
39,83.2301,96.4602,70
40,83.2301,96.4602,70
41,83.2301,96.4602,70
42,83.2301,96.4602,70
43,83.2301,96.4602,70
44,83.2301,96.4602,70
45,83.2301,96.4602,70
46,83.2301,96.4602,70
47,83.2301,96.4602,70
48,83.2301,96.4602,70
49,83.2301,96.4602,70
50,83.2301,96.4602,70
51,83.2301,96.4602,70
52,83.2301,96.4602,70
53,84.5575,99.115,70
54,84.5575,99.115,70
55,84.5575,99.115,70
56,84.5575,99.115,70
57,84.5575,99.115,70
58,84.5575,99.115,70
59,84.5575,99.115,70
60,84.5575,99.115,70
61,84.5575,99.115,70
62,84.5575,99.115,70
63,84.5575,99.115,70
64,84.5575,99.115,70
65,84.5575,99.115,70
66,84.5575,99.115,70
67,84.5575,99.115,70
68,84.5575,99.115,70
69,84.5575,99.115,70
70,84.5575,99.115,70
71,84.5575,99.115,70
72,84.5575,99.115,70
73,84.5575,99.115,70
74,84.5575,99.115,70
75,84.5575,99.115,70
76,84.5575,99.115,70
77,84.5575,99.115,70
78,84.5575,99.115,70
79,84.5575,99.115,70
80,84.5575,99.115,70
81,84.5575,99.115,70
82,84.5575,99.115,70
83,84.5575,99.115,70
84,84.5575,99.115,70
85,84.5575,99.115,70
86,84.5575,99.115,70
87,84.5575,99.115,70
88,84.5575,99.115,70
89,84.5575,99.115,70
90,84.5575,99.115,70
91,84.5575,99.115,70
92,84.5575,99.115,70
93,84.5575,99.115,70
94,84.5575,99.115,70
95,84.5575,99.115,70
96,84.5575,99.115,70
97,84.5575,99.115,70
98,84.5575,99.115,70
99,84.5575,99.115,70
100,84.5575,99.115,70
101,84.5575,99.115,70
102,84.5575,99.115,70
103,84.5575,99.115,70
104,84.5575,99.115,70
105,84.5575,99.115,70
106,84.5575,99.115,70
107,84.5575,99.115,70
108,84.5575,99.115,70
109,84.5575,99.115,70
110,84.5575,99.115,70
111,84.5575,99.115,70
112,84.5575,99.115,70
113,84.5575,99.115,70
114,84.5575,99.115,70
115,84.5575,99.115,70
116,84.5575,99.115,70
117,84.5575,99.115,70
118,84.5575,99.115,70
119,84.5575,99.115,70
120,84.5575,99.115,70
121,84.5575,99.115,70
122,84.5575,99.115,70
123,84.5575,99.115,70
124,84.5575,99.115,70
125,84.5575,99.115,70
126,84.5575,99.115,70
127,84.5575,99.115,70
128,84.5575,99.115,70
129,84.5575,99.115,70
130,85.3392,97.3451,73.3333
131,85.3392,97.3451,73.3333
132,85.3392,97.3451,73.3333
133,85.3392,97.3451,73.3333
134,85.3392,97.3451,73.3333
135,85.3392,97.3451,73.3333
136,85.3392,97.3451,73.3333
137,85.3392,97.3451,73.3333
138,85.3392,97.3451,73.3333
139,85.3392,97.3451,73.3333
140,85.3392,97.3451,73.3333
141,85.3392,97.3451,73.3333
142,85.3392,97.3451,73.3333
143,85.3392,97.3451,73.3333
144,85.3392,97.3451,73.3333
145,85.3392,97.3451,73.3333
146,85.3392,97.3451,73.3333
147,85.3392,97.3451,73.3333
148,85.3392,97.3451,73.3333
149,85.3392,97.3451,73.3333
150,85.3392,97.3451,73.3333
151,85.3392,97.3451,73.3333
152,85.3392,97.3451,73.3333
153,85.3392,97.3451,73.3333
154,85.3392,97.3451,73.3333
155,85.3392,97.3451,73.3333
156,85.3392,97.3451,73.3333
157,85.3392,97.3451,73.3333
158,85.3392,97.3451,73.3333
159,85.3392,97.3451,73.3333
160,85.3392,97.3451,73.3333
161,85.3392,97.3451,73.3333
162,85.3392,97.3451,73.3333
163,85.3392,97.3451,73.3333
164,85.3392,97.3451,73.3333
165,85.3392,97.3451,73.3333
166,85.3392,97.3451,73.3333
167,85.3392,97.3451,73.3333
168,85.3392,97.3451,73.3333
169,85.3392,97.3451,73.3333
170,85.3392,97.3451,73.3333
171,85.3392,97.3451,73.3333
172,85.3392,97.3451,73.3333
173,85.3392,97.3451,73.3333
174,85.3392,97.3451,73.3333
175,85.3392,97.3451,73.3333
176,85.3392,97.3451,73.3333
177,85.3392,97.3451,73.3333
178,85.3392,97.3451,73.3333
179,85.3392,97.3451,73.3333
180,85.6785,94.6903,76.6667
181,85.6785,94.6903,76.6667
182,85.6785,94.6903,76.6667
183,85.6785,94.6903,76.6667
184,85.6785,94.6903,76.6667
185,85.6785,94.6903,76.6667
186,85.6785,94.6903,76.6667
187,85.6785,94.6903,76.6667
188,85.6785,94.6903,76.6667
189,85.6785,94.6903,76.6667
190,85.6785,94.6903,76.6667
191,85.6785,94.6903,76.6667
192,86.1209,95.5752,76.6667
193,86.1209,95.5752,76.6667
194,86.1209,95.5752,76.6667
195,86.1209,95.5752,76.6667
196,86.1209,95.5752,76.6667
197,86.1209,95.5752,76.6667
198,86.1209,95.5752,76.6667
199,86.1209,95.5752,76.6667
200,86.1209,95.5752,76.6667
201,86.1209,95.5752,76.6667
202,86.1209,95.5752,76.6667
203,86.1209,95.5752,76.6667
204,86.1209,95.5752,76.6667
205,86.1209,95.5752,76.6667
206,86.1209,95.5752,76.6667
207,86.1209,95.5752,76.6667
208,86.1209,95.5752,76.6667
209,86.1209,95.5752,76.6667
210,86.1209,95.5752,76.6667
211,86.1209,95.5752,76.6667
212,86.1209,95.5752,76.6667
213,86.1209,95.5752,76.6667
214,86.1209,95.5752,76.6667
215,86.1209,95.5752,76.6667
216,86.1209,95.5752,76.6667
217,86.1209,95.5752,76.6667
218,86.1209,95.5752,76.6667
219,86.1209,95.5752,76.6667
220,86.1209,95.5752,76.6667
221,86.1209,95.5752,76.6667
222,86.1209,95.5752,76.6667
223,86.1209,95.5752,76.6667
224,86.1209,95.5752,76.6667
225,86.1209,95.5752,76.6667
226,86.1209,95.5752,76.6667
227,86.1209,95.5752,76.6667
228,86.1209,95.5752,76.6667
229,86.1209,95.5752,76.6667
230,86.1209,95.5752,76.6667
231,86.1209,95.5752,76.6667
232,86.1209,95.5752,76.6667
233,86.1209,95.5752,76.6667
234,86.1209,95.5752,76.6667
235,86.1209,95.5752,76.6667
236,86.1209,95.5752,76.6667
237,86.1209,95.5752,76.6667
238,86.1209,95.5752,76.6667
239,86.1209,95.5752,76.6667
240,86.1209,95.5752,76.6667
241,86.1209,95.5752,76.6667
242,86.1209,95.5752,76.6667
243,86.1209,95.5752,76.6667
244,86.1209,95.5752,76.6667
245,86.1209,95.5752,76.6667
246,86.1209,95.5752,76.6667
247,86.1209,95.5752,76.6667
248,86.1209,95.5752,76.6667
249,86.1209,95.5752,76.6667
250,86.1209,95.5752,76.6667
251,86.1209,95.5752,76.6667
252,86.1209,95.5752,76.6667
253,86.1209,95.5752,76.6667
254,86.1209,95.5752,76.6667
255,86.1209,95.5752,76.6667
256,86.1209,95.5752,76.6667
257,86.1209,95.5752,76.6667
258,86.1209,95.5752,76.6667
259,86.1209,95.5752,76.6667
260,86.1209,95.5752,76.6667
261,86.1209,95.5752,76.6667
262,86.1209,95.5752,76.6667
263,86.1209,95.5752,76.6667
264,86.1209,95.5752,76.6667
265,86.1209,95.5752,76.6667
266,86.1209,95.5752,76.6667
267,86.1209,95.5752,76.6667
268,86.1209,95.5752,76.6667
269,86.1209,95.5752,76.6667
270,86.1209,95.5752,76.6667
271,86.1209,95.5752,76.6667
272,86.1209,95.5752,76.6667
273,86.1209,95.5752,76.6667
274,86.1209,95.5752,76.6667
275,86.1209,95.5752,76.6667
276,86.1209,95.5752,76.6667
277,86.1209,95.5752,76.6667
278,86.1209,95.5752,76.6667
279,86.1209,95.5752,76.6667
280,86.1209,95.5752,76.6667
281,86.1209,95.5752,76.6667
282,86.1209,95.5752,76.6667
283,86.1209,95.5752,76.6667
284,86.1209,95.5752,76.6667
285,86.1209,95.5752,76.6667
286,86.1209,95.5752,76.6667
287,86.1209,95.5752,76.6667
288,86.1209,95.5752,76.6667
289,86.1209,95.5752,76.6667
