n_gen,%agr,%clas,%red
2,67.4484,98.2301,36.6667
3,69.5575,99.115,40
4,72.4484,98.2301,46.6667
5,76.5634,96.4602,56.6667
6,78.6726,97.3451,60
7,78.6726,97.3451,60
8,78.6726,97.3451,60
9,78.6726,97.3451,60
10,79.115,98.2301,60
11,79.4543,95.5752,63.3333
12,79.8968,96.4602,63.3333
13,79.8968,96.4602,63.3333
14,81.5634,96.4602,66.6667
15,81.5634,96.4602,66.6667
16,82.7876,95.5752,70
17,83.2301,96.4602,70
18,83.2301,96.4602,70
19,84.4543,95.5752,73.3333
20,84.4543,95.5752,73.3333
21,84.8968,96.4602,73.3333
22,84.8968,96.4602,73.3333
23,84.8968,96.4602,73.3333
24,86.5634,96.4602,76.6667
25,86.5634,96.4602,76.6667
26,86.5634,96.4602,76.6667
27,86.5634,96.4602,76.6667
28,86.5634,96.4602,76.6667
29,86.5634,96.4602,76.6667
30,86.5634,96.4602,76.6667
31,86.5634,96.4602,76.6667
32,86.5634,96.4602,76.6667
33,86.5634,96.4602,76.6667
34,86.5634,96.4602,76.6667
35,86.5634,96.4602,76.6667
36,86.5634,96.4602,76.6667
37,86.5634,96.4602,76.6667
38,86.5634,96.4602,76.6667
39,86.5634,96.4602,76.6667
40,86.5634,96.4602,76.6667
41,86.5634,96.4602,76.6667
42,86.5634,96.4602,76.6667
43,86.5634,96.4602,76.6667
44,86.5634,96.4602,76.6667
45,86.5634,96.4602,76.6667
46,86.5634,96.4602,76.6667
47,86.5634,96.4602,76.6667
48,86.5634,96.4602,76.6667
49,86.5634,96.4602,76.6667
50,86.5634,96.4602,76.6667
51,86.5634,96.4602,76.6667
52,86.5634,96.4602,76.6667
53,86.5634,96.4602,76.6667
54,86.5634,96.4602,76.6667
55,86.5634,96.4602,76.6667
56,86.5634,96.4602,76.6667
57,86.5634,96.4602,76.6667
58,86.5634,96.4602,76.6667
59,86.5634,96.4602,76.6667
60,86.5634,96.4602,76.6667
61,86.5634,96.4602,76.6667
62,86.5634,96.4602,76.6667
63,86.5634,96.4602,76.6667
64,86.5634,96.4602,76.6667
65,86.5634,96.4602,76.6667
66,86.5634,96.4602,76.6667
67,86.5634,96.4602,76.6667
68,86.5634,96.4602,76.6667
69,86.5634,96.4602,76.6667
70,86.5634,96.4602,76.6667
71,86.5634,96.4602,76.6667
72,87.7876,95.5752,80
73,88.2301,96.4602,80
74,88.2301,96.4602,80
75,88.2301,96.4602,80
76,88.2301,96.4602,80
77,88.6726,97.3451,80
78,88.6726,97.3451,80
79,88.6726,97.3451,80
80,88.6726,97.3451,80
81,88.6726,97.3451,80
82,88.6726,97.3451,80
83,88.6726,97.3451,80
84,88.6726,97.3451,80
85,88.6726,97.3451,80
86,88.6726,97.3451,80
87,88.6726,97.3451,80
88,88.6726,97.3451,80
89,88.6726,97.3451,80
90,88.6726,97.3451,80
91,88.6726,97.3451,80
92,88.6726,97.3451,80
93,88.6726,97.3451,80
94,88.6726,97.3451,80
95,88.6726,97.3451,80
96,88.6726,97.3451,80
97,88.6726,97.3451,80
98,88.6726,97.3451,80
99,88.6726,97.3451,80
100,88.6726,97.3451,80
101,88.6726,97.3451,80
102,88.6726,97.3451,80
103,88.6726,97.3451,80
104,88.6726,97.3451,80
105,88.6726,97.3451,80
106,88.6726,97.3451,80
107,88.6726,97.3451,80
108,88.6726,97.3451,80
109,88.6726,97.3451,80
110,88.6726,97.3451,80
111,88.6726,97.3451,80
112,88.6726,97.3451,80
113,88.6726,97.3451,80
114,88.6726,97.3451,80
115,88.6726,97.3451,80
116,88.6726,97.3451,80
117,88.6726,97.3451,80
118,88.6726,97.3451,80
119,88.6726,97.3451,80
120,88.6726,97.3451,80
121,88.6726,97.3451,80
122,88.6726,97.3451,80
123,88.6726,97.3451,80
124,88.6726,97.3451,80
125,88.6726,97.3451,80
126,88.6726,97.3451,80
127,88.6726,97.3451,80
128,88.6726,97.3451,80
129,88.6726,97.3451,80
130,88.6726,97.3451,80
131,88.6726,97.3451,80
132,90.236,93.8053,86.6667
133,90.236,93.8053,86.6667
134,90.236,93.8053,86.6667
135,90.236,93.8053,86.6667
136,90.236,93.8053,86.6667
137,90.236,93.8053,86.6667
138,90.236,93.8053,86.6667
139,90.236,93.8053,86.6667
140,90.236,93.8053,86.6667
141,90.236,93.8053,86.6667
142,90.236,93.8053,86.6667
143,90.236,93.8053,86.6667
144,90.236,93.8053,86.6667
145,90.236,93.8053,86.6667
146,90.236,93.8053,86.6667
147,90.236,93.8053,86.6667
148,90.236,93.8053,86.6667
149,90.236,93.8053,86.6667
150,90.236,93.8053,86.6667
151,90.236,93.8053,86.6667
152,90.236,93.8053,86.6667
153,90.236,93.8053,86.6667
154,90.236,93.8053,86.6667
155,90.236,93.8053,86.6667
156,90.236,93.8053,86.6667
157,90.236,93.8053,86.6667
158,90.236,93.8053,86.6667
159,90.236,93.8053,86.6667
160,90.236,93.8053,86.6667
161,90.236,93.8053,86.6667
162,90.236,93.8053,86.6667
163,90.236,93.8053,86.6667
164,90.236,93.8053,86.6667
165,90.236,93.8053,86.6667
166,90.236,93.8053,86.6667
167,90.236,93.8053,86.6667
168,90.236,93.8053,86.6667
169,90.236,93.8053,86.6667
170,90.236,93.8053,86.6667
171,90.236,93.8053,86.6667
172,90.236,93.8053,86.6667
173,90.236,93.8053,86.6667
174,90.236,93.8053,86.6667
175,90.236,93.8053,86.6667
176,90.236,93.8053,86.6667
177,90.236,93.8053,86.6667
178,90.236,93.8053,86.6667
179,90.236,93.8053,86.6667
180,90.236,93.8053,86.6667
181,90.236,93.8053,86.6667
182,91.0177,92.0354,90
183,91.0177,92.0354,90
184,91.0177,92.0354,90
185,91.0177,92.0354,90
186,91.0177,92.0354,90
187,91.0177,92.0354,90
188,91.0177,92.0354,90
189,91.0177,92.0354,90
190,91.0177,92.0354,90
191,91.0177,92.0354,90
192,91.0177,92.0354,90
193,91.0177,92.0354,90
194,91.0177,92.0354,90
195,91.0177,92.0354,90
196,91.0177,92.0354,90
197,91.0177,92.0354,90
198,91.0177,92.0354,90
199,91.0177,92.0354,90
200,91.0177,92.0354,90
201,91.0177,92.0354,90
202,91.0177,92.0354,90
203,91.0177,92.0354,90
204,91.0177,92.0354,90
205,91.0177,92.0354,90
206,91.0177,92.0354,90
207,91.0177,92.0354,90
208,91.0177,92.0354,90
209,91.0177,92.0354,90
210,91.0177,92.0354,90
211,91.0177,92.0354,90
212,91.0177,92.0354,90
213,91.0177,92.0354,90
214,91.0177,92.0354,90
215,91.0177,92.0354,90
216,91.0177,92.0354,90
217,91.0177,92.0354,90
218,91.0177,92.0354,90
219,91.0177,92.0354,90
220,91.0177,92.0354,90
221,91.0177,92.0354,90
222,91.0177,92.0354,90
223,91.0177,92.0354,90
224,91.0177,92.0354,90
225,91.0177,92.0354,90
226,91.0177,92.0354,90
227,91.0177,92.0354,90
228,91.0177,92.0354,90
229,91.0177,92.0354,90
230,91.0177,92.0354,90
231,91.0177,92.0354,90
232,91.0177,92.0354,90
233,91.0177,92.0354,90
234,91.0177,92.0354,90
235,91.0177,92.0354,90
236,91.0177,92.0354,90
237,91.0177,92.0354,90
238,91.0177,92.0354,90
239,91.0177,92.0354,90
240,91.0177,92.0354,90
241,91.0177,92.0354,90
242,91.0177,92.0354,90
243,91.0177,92.0354,90
244,91.0177,92.0354,90
245,91.0177,92.0354,90
246,91.0177,92.0354,90
247,91.0177,92.0354,90
248,91.0177,92.0354,90
249,91.0177,92.0354,90
250,91.0177,92.0354,90
251,91.0177,92.0354,90
252,91.0177,92.0354,90
253,91.0177,92.0354,90
254,91.0177,92.0354,90
255,91.0177,92.0354,90
256,91.0177,92.0354,90
257,91.0177,92.0354,90
258,91.0177,92.0354,90
259,91.0177,92.0354,90
260,91.0177,92.0354,90
261,91.0177,92.0354,90
262,91.0177,92.0354,90
263,91.0177,92.0354,90
264,91.0177,92.0354,90
265,91.0177,92.0354,90
266,91.0177,92.0354,90
267,91.0177,92.0354,90
268,91.0177,92.0354,90
269,91.0177,92.0354,90
270,91.0177,92.0354,90
271,91.0177,92.0354,90
272,91.0177,92.0354,90
273,91.0177,92.0354,90
274,91.0177,92.0354,90
275,91.0177,92.0354,90
276,91.0177,92.0354,90
277,91.0177,92.0354,90
278,91.0177,92.0354,90
279,91.0177,92.0354,90
280,91.0177,92.0354,90
281,91.0177,92.0354,90
282,91.0177,92.0354,90
283,91.0177,92.0354,90
284,91.0177,92.0354,90
285,91.0177,92.0354,90
286,91.0177,92.0354,90
287,91.0177,92.0354,90
288,91.0177,92.0354,90
289,91.0177,92.0354,90
290,91.0177,92.0354,90
291,91.0177,92.0354,90
292,91.0177,92.0354,90
293,91.0177,92.0354,90
294,91.0177,92.0354,90
295,91.0177,92.0354,90
296,91.0177,92.0354,90
297,91.0177,92.0354,90
298,91.0177,92.0354,90
299,91.0177,92.0354,90
300,91.0177,92.0354,90
