n_cooling,%agr,%clas,%red
0,69.1026,94.8718,43.3333
1,69.1026,94.8718,43.3333
2,74.9145,93.1624,56.6667
3,74.9145,93.1624,56.6667
4,74.9145,93.1624,56.6667
5,76.1539,92.3077,60
6,77.3932,91.453,63.3333
7,77.3932,91.453,63.3333
8,77.3932,91.453,63.3333
9,77.3932,91.453,63.3333
10,77.3932,91.453,63.3333
11,77.3932,91.453,63.3333
12,77.3932,91.453,63.3333
13,77.3932,91.453,63.3333
14,77.3932,91.453,63.3333
15,77.3932,91.453,63.3333
16,77.3932,91.453,63.3333
17,77.3932,91.453,63.3333
18,77.3932,91.453,63.3333
19,77.3932,91.453,63.3333
20,77.3932,91.453,63.3333
21,77.3932,91.453,63.3333
22,77.3932,91.453,63.3333
23,77.3932,91.453,63.3333
24,77.3932,91.453,63.3333
25,77.3932,91.453,63.3333
26,77.3932,91.453,63.3333
27,77.3932,91.453,63.3333
28,79.4872,92.3077,66.6667
29,79.8718,89.7436,70
30,82.8633,95.7265,70
31,82.8633,95.7265,70
32,82.8633,95.7265,70
33,82.8633,95.7265,70
34,82.8633,95.7265,70
35,82.8633,95.7265,70
36,82.8633,95.7265,70
37,82.8633,95.7265,70
38,82.8633,95.7265,70
39,82.8633,95.7265,70
40,82.8633,95.7265,70
41,82.8633,95.7265,70
42,82.8633,95.7265,70
43,82.8633,95.7265,70
44,82.8633,95.7265,70
45,82.8633,95.7265,70
46,82.8633,95.7265,70
47,82.8633,95.7265,70
48,84.5299,95.7265,73.3333
49,84.5299,95.7265,73.3333
50,84.5299,95.7265,73.3333
51,84.5299,95.7265,73.3333
52,84.5299,95.7265,73.3333
53,84.5299,95.7265,73.3333
54,84.5299,95.7265,73.3333
55,84.5299,95.7265,73.3333
56,84.5299,95.7265,73.3333
57,84.5299,95.7265,73.3333
58,84.5299,95.7265,73.3333
59,84.5299,95.7265,73.3333
60,84.5299,95.7265,73.3333
61,84.5299,95.7265,73.3333
62,84.5299,95.7265,73.3333
63,84.5299,95.7265,73.3333
64,84.5299,95.7265,73.3333
65,84.5299,95.7265,73.3333
66,84.5299,95.7265,73.3333
67,84.5299,95.7265,73.3333
68,84.5299,95.7265,73.3333
69,84.5299,95.7265,73.3333
70,84.5299,95.7265,73.3333
71,84.5299,95.7265,73.3333
72,84.5299,95.7265,73.3333
73,84.5299,95.7265,73.3333
74,84.5299,95.7265,73.3333
75,84.5299,95.7265,73.3333
76,84.5299,95.7265,73.3333
77,84.5299,95.7265,73.3333
78,84.5299,95.7265,73.3333
79,84.5299,95.7265,73.3333
80,84.5299,95.7265,73.3333
81,84.5299,95.7265,73.3333
82,84.9573,96.5812,73.3333
83,84.9573,96.5812,73.3333
84,84.9573,96.5812,73.3333
85,84.9573,96.5812,73.3333
86,84.9573,96.5812,73.3333
87,84.9573,96.5812,73.3333
88,84.9573,96.5812,73.3333
89,86.5812,93.1624,80
90,87.8205,92.3077,83.3333
91,87.8205,92.3077,83.3333
92,87.8205,92.3077,83.3333
93,87.8205,92.3077,83.3333
94,87.8205,92.3077,83.3333
95,87.8205,92.3077,83.3333
96,87.8205,92.3077,83.3333
97,87.8205,92.3077,83.3333
98,87.8205,92.3077,83.3333
99,87.8205,92.3077,83.3333
100,87.8205,92.3077,83.3333
101,87.8205,92.3077,83.3333
102,88.2906,96.5812,80
103,88.2906,96.5812,80
104,88.2906,96.5812,80
105,88.2906,96.5812,80
106,88.2906,96.5812,80
107,88.2906,96.5812,80
108,88.2906,96.5812,80
109,88.2906,96.5812,80
110,88.2906,96.5812,80
111,88.2906,96.5812,80
112,88.2906,96.5812,80
113,88.2906,96.5812,80
114,88.2906,96.5812,80
115,88.2906,96.5812,80
116,88.2906,96.5812,80
117,88.2906,96.5812,80
118,88.2906,96.5812,80
119,88.2906,96.5812,80
120,88.2906,96.5812,80
121,88.2906,96.5812,80
122,88.2906,96.5812,80
123,88.2906,96.5812,80
124,88.2906,96.5812,80
125,88.2906,96.5812,80
126,88.2906,96.5812,80
127,88.2906,96.5812,80
128,88.2906,96.5812,80
129,88.2906,96.5812,80
130,88.2906,96.5812,80
131,88.2906,96.5812,80
132,88.2906,96.5812,80
133,88.2906,96.5812,80
134,88.2906,96.5812,80
135,88.2906,96.5812,80
136,89.9573,96.5812,83.3333
137,89.9573,96.5812,83.3333
138,89.9573,96.5812,83.3333
139,89.9573,96.5812,83.3333
140,89.9573,96.5812,83.3333
141,90.7692,94.8718,86.6667
142,90.7692,94.8718,86.6667
143,90.7692,94.8718,86.6667
144,90.7692,94.8718,86.6667
145,90.7692,94.8718,86.6667
146,90.7692,94.8718,86.6667
147,90.7692,94.8718,86.6667
148,90.7692,94.8718,86.6667
149,90.7692,94.8718,86.6667
150,90.7692,94.8718,86.6667
151,90.7692,94.8718,86.6667
152,90.7692,94.8718,86.6667
153,90.7692,94.8718,86.6667
154,90.7692,94.8718,86.6667
155,90.7692,94.8718,86.6667
156,90.7692,94.8718,86.6667
157,90.7692,94.8718,86.6667
158,90.7692,94.8718,86.6667
159,90.7692,94.8718,86.6667
160,90.7692,94.8718,86.6667
161,90.7692,94.8718,86.6667
162,90.7692,94.8718,86.6667
163,90.7692,94.8718,86.6667
164,90.7692,94.8718,86.6667
165,90.7692,94.8718,86.6667
166,90.7692,94.8718,86.6667
167,90.7692,94.8718,86.6667
168,90.7692,94.8718,86.6667
169,90.7692,94.8718,86.6667
170,90.7692,94.8718,86.6667
171,90.7692,94.8718,86.6667
172,90.7692,94.8718,86.6667
173,90.7692,94.8718,86.6667
174,90.7692,94.8718,86.6667
175,90.7692,94.8718,86.6667
176,90.7692,94.8718,86.6667
177,90.7692,94.8718,86.6667
178,90.7692,94.8718,86.6667
179,90.7692,94.8718,86.6667
180,90.7692,94.8718,86.6667
181,90.7692,94.8718,86.6667
182,90.7692,94.8718,86.6667
183,90.7692,94.8718,86.6667
184,90.7692,94.8718,86.6667
185,90.7692,94.8718,86.6667
186,90.7692,94.8718,86.6667
187,91.5385,89.7436,93.3333
188,91.5385,89.7436,93.3333
189,91.5385,89.7436,93.3333
190,91.5385,89.7436,93.3333
191,91.5385,89.7436,93.3333
192,91.5385,89.7436,93.3333
193,91.5385,89.7436,93.3333
194,91.5385,89.7436,93.3333
195,91.5385,89.7436,93.3333
196,91.5385,89.7436,93.3333
197,91.5385,89.7436,93.3333
198,91.5385,89.7436,93.3333
199,91.5385,89.7436,93.3333
200,91.5385,89.7436,93.3333
201,91.5385,89.7436,93.3333
202,91.5385,89.7436,93.3333
203,91.5385,89.7436,93.3333
204,91.5385,89.7436,93.3333
205,91.5385,89.7436,93.3333
206,91.5385,89.7436,93.3333
207,91.5385,89.7436,93.3333
208,91.5385,89.7436,93.3333
209,91.5385,89.7436,93.3333
210,91.5385,89.7436,93.3333
211,91.5385,89.7436,93.3333
212,91.5385,89.7436,93.3333
213,91.5385,89.7436,93.3333
214,91.5385,89.7436,93.3333
215,91.5385,89.7436,93.3333
216,91.5385,89.7436,93.3333
217,91.5385,89.7436,93.3333
218,91.5385,89.7436,93.3333
219,91.5385,89.7436,93.3333
220,91.5385,89.7436,93.3333
221,91.5385,89.7436,93.3333
222,91.5385,89.7436,93.3333
223,91.5385,89.7436,93.3333
224,91.5385,89.7436,93.3333
225,91.5385,89.7436,93.3333
226,91.5385,89.7436,93.3333
227,91.5385,89.7436,93.3333
228,91.5385,89.7436,93.3333
229,91.5385,89.7436,93.3333
230,91.5385,89.7436,93.3333
231,91.5385,89.7436,93.3333
232,91.5385,89.7436,93.3333
233,91.5385,89.7436,93.3333
234,91.5385,89.7436,93.3333
235,91.5385,89.7436,93.3333
236,91.5385,89.7436,93.3333
237,91.5385,89.7436,93.3333
238,91.5385,89.7436,93.3333
239,91.5385,89.7436,93.3333
240,91.5385,89.7436,93.3333
241,91.5385,89.7436,93.3333
242,91.5385,89.7436,93.3333
243,91.5385,89.7436,93.3333
244,91.5385,89.7436,93.3333
245,91.5385,89.7436,93.3333
246,91.5385,89.7436,93.3333
247,91.5385,89.7436,93.3333
248,91.5385,89.7436,93.3333
249,91.5385,89.7436,93.3333
250,91.5385,89.7436,93.3333
251,91.5385,89.7436,93.3333
252,91.5385,89.7436,93.3333
253,91.5385,89.7436,93.3333
254,91.5385,89.7436,93.3333
255,91.5385,89.7436,93.3333
256,91.5385,89.7436,93.3333
257,91.5385,89.7436,93.3333
258,91.5385,89.7436,93.3333
259,91.5385,89.7436,93.3333
260,91.5385,89.7436,93.3333
261,91.5385,89.7436,93.3333
262,91.5385,89.7436,93.3333
263,91.5385,89.7436,93.3333
264,91.5385,89.7436,93.3333
265,91.5385,89.7436,93.3333
266,91.5385,89.7436,93.3333
267,91.5385,89.7436,93.3333
268,91.5385,89.7436,93.3333
269,91.5385,89.7436,93.3333
270,91.5385,89.7436,93.3333
271,91.5385,89.7436,93.3333
272,91.5385,89.7436,93.3333
273,91.5385,89.7436,93.3333
274,91.5385,89.7436,93.3333
275,91.5385,89.7436,93.3333
276,91.5385,89.7436,93.3333
277,91.5385,89.7436,93.3333
278,91.5385,89.7436,93.3333
279,91.5385,89.7436,93.3333
280,91.5385,89.7436,93.3333
281,91.5385,89.7436,93.3333
282,91.5385,89.7436,93.3333
283,91.5385,89.7436,93.3333
284,91.5385,89.7436,93.3333
285,91.5385,89.7436,93.3333
286,91.5385,89.7436,93.3333
