n_gen,%agr,%clas,%red
2,56.3024,88.0435,24.5614
3,59.3917,83.6956,35.0877
4,62.0233,83.6956,40.3509
5,62.7765,86.9565,38.5965
6,63.1102,85.8696,40.3509
7,66.1613,90.2174,42.1053
8,67.582,91.3044,43.8596
9,67.582,91.3044,43.8596
10,68.5831,88.0435,49.1228
11,69.5462,93.4783,45.614
12,70.4233,93.4783,47.3684
13,71.3005,93.4783,49.1228
14,72.1777,93.4783,50.8772
15,72.1777,93.4783,50.8772
16,72.7212,94.5652,50.8772
17,73.5984,94.5652,52.6316
18,73.5984,94.5652,52.6316
19,73.7224,91.3044,56.1404
20,73.7224,91.3044,56.1404
21,74.5995,91.3044,57.8947
22,76.3539,91.3044,61.4035
23,76.3539,91.3044,61.4035
24,76.3539,91.3044,61.4035
25,76.3539,91.3044,61.4035
26,76.5637,93.4783,59.6491
27,77.4409,93.4783,61.4035
28,77.4409,93.4783,61.4035
29,78.1083,91.3044,64.9123
30,78.1083,91.3044,64.9123
31,78.1083,91.3044,64.9123
32,78.1083,91.3044,64.9123
33,78.1083,91.3044,64.9123
34,78.1083,91.3044,64.9123
35,78.1083,91.3044,64.9123
36,78.1083,91.3044,64.9123
37,78.1083,91.3044,64.9123
38,78.1083,91.3044,64.9123
39,78.1083,91.3044,64.9123
40,78.1083,91.3044,64.9123
41,78.1083,91.3044,64.9123
42,78.1083,91.3044,64.9123
43,78.1083,91.3044,64.9123
44,78.1083,91.3044,64.9123
45,78.3181,93.4783,63.1579
46,78.3181,93.4783,63.1579
47,78.3181,93.4783,63.1579
48,78.442,90.2174,66.6667
49,78.442,90.2174,66.6667
50,78.9855,91.3044,66.6667
51,78.9855,91.3044,66.6667
52,78.9855,91.3044,66.6667
53,78.9855,91.3044,66.6667
54,79.529,92.3913,66.6667
55,79.529,92.3913,66.6667
56,79.529,92.3913,66.6667
57,79.529,92.3913,66.6667
58,79.529,92.3913,66.6667
59,79.529,92.3913,66.6667
60,79.529,92.3913,66.6667
61,79.529,92.3913,66.6667
62,79.529,92.3913,66.6667
63,79.529,92.3913,66.6667
64,79.529,92.3913,66.6667
65,79.8627,91.3044,68.4211
66,79.8627,91.3044,68.4211
67,79.8627,91.3044,68.4211
68,79.8627,91.3044,68.4211
69,79.8627,91.3044,68.4211
70,79.8627,91.3044,68.4211
71,79.8627,91.3044,68.4211
72,79.8627,91.3044,68.4211
73,79.8627,91.3044,68.4211
74,80.4062,92.3913,68.4211
75,80.4062,92.3913,68.4211
76,80.4062,92.3913,68.4211
77,80.4062,92.3913,68.4211
78,80.4062,92.3913,68.4211
79,80.4062,92.3913,68.4211
80,80.4062,92.3913,68.4211
81,80.4062,92.3913,68.4211
82,80.4062,92.3913,68.4211
83,80.4062,92.3913,68.4211
84,80.4062,92.3913,68.4211
85,80.4062,92.3913,68.4211
86,80.4062,92.3913,68.4211
87,80.4062,92.3913,68.4211
88,80.4062,92.3913,68.4211
89,80.4062,92.3913,68.4211
90,80.4062,92.3913,68.4211
91,80.4062,92.3913,68.4211
92,80.4062,92.3913,68.4211
93,80.4062,92.3913,68.4211
94,80.4062,92.3913,68.4211
95,80.4062,92.3913,68.4211
96,80.4062,92.3913,68.4211
97,80.4062,92.3913,68.4211
98,80.4062,92.3913,68.4211
99,80.4062,92.3913,68.4211
100,80.4062,92.3913,68.4211
101,80.4062,92.3913,68.4211
102,80.4062,92.3913,68.4211
103,80.4062,92.3913,68.4211
104,80.4062,92.3913,68.4211
105,80.4062,92.3913,68.4211
106,80.4062,92.3913,68.4211
107,80.4062,92.3913,68.4211
108,80.4062,92.3913,68.4211
109,80.4062,92.3913,68.4211
110,80.4062,92.3913,68.4211
111,80.4062,92.3913,68.4211
112,80.4062,92.3913,68.4211
113,80.4062,92.3913,68.4211
114,80.4062,92.3913,68.4211
115,80.4062,92.3913,68.4211
116,80.4062,92.3913,68.4211
117,80.4062,92.3913,68.4211
118,80.4062,92.3913,68.4211
119,80.4062,92.3913,68.4211
120,80.4062,92.3913,68.4211
121,80.4062,92.3913,68.4211
122,80.4062,92.3913,68.4211
123,80.4062,92.3913,68.4211
124,80.4062,92.3913,68.4211
125,80.4062,92.3913,68.4211
126,80.4062,92.3913,68.4211
127,80.4062,92.3913,68.4211
128,80.4062,92.3913,68.4211
129,80.4062,92.3913,68.4211
130,80.4062,92.3913,68.4211
131,80.6541,85.8696,75.4386
132,81.5313,85.8696,77.193
133,81.5313,85.8696,77.193
134,82.4085,85.8696,78.9474
135,82.4085,85.8696,78.9474
136,82.4085,85.8696,78.9474
137,82.4085,85.8696,78.9474
138,82.4085,85.8696,78.9474
139,82.4085,85.8696,78.9474
140,82.4085,85.8696,78.9474
141,82.4085,85.8696,78.9474
142,82.4085,85.8696,78.9474
143,82.4085,85.8696,78.9474
144,82.4085,85.8696,78.9474
145,82.4085,85.8696,78.9474
146,82.4085,85.8696,78.9474
147,82.4085,85.8696,78.9474
148,82.4085,85.8696,78.9474
149,82.4085,85.8696,78.9474
150,82.4085,85.8696,78.9474
151,82.4085,85.8696,78.9474
152,82.4085,85.8696,78.9474
153,82.4085,85.8696,78.9474
154,82.4085,85.8696,78.9474
155,82.4085,85.8696,78.9474
156,82.4085,85.8696,78.9474
157,82.4085,85.8696,78.9474
158,82.4085,85.8696,78.9474
159,82.4085,85.8696,78.9474
160,82.4085,85.8696,78.9474
161,82.4085,85.8696,78.9474
162,82.4085,85.8696,78.9474
163,82.4085,85.8696,78.9474
164,82.4085,85.8696,78.9474
165,82.4085,85.8696,78.9474
166,82.4085,85.8696,78.9474
167,82.4085,85.8696,78.9474
168,82.4085,85.8696,78.9474
169,82.4085,85.8696,78.9474
170,82.4085,85.8696,78.9474
171,82.4085,85.8696,78.9474
172,82.4085,85.8696,78.9474
173,82.4085,85.8696,78.9474
174,82.4085,85.8696,78.9474
175,82.4085,85.8696,78.9474
176,82.4085,85.8696,78.9474
177,82.4085,85.8696,78.9474
178,82.4085,85.8696,78.9474
179,82.4085,85.8696,78.9474
180,82.4085,85.8696,78.9474
181,83.4096,82.6087,84.2105
182,84.1629,85.8696,82.4561
183,84.1629,85.8696,82.4561
184,84.1629,85.8696,82.4561
185,84.1629,85.8696,82.4561
186,84.1629,85.8696,82.4561
187,84.1629,85.8696,82.4561
188,84.1629,85.8696,82.4561
189,84.1629,85.8696,82.4561
190,84.1629,85.8696,82.4561
191,84.1629,85.8696,82.4561
192,84.1629,85.8696,82.4561
193,84.1629,85.8696,82.4561
194,84.1629,85.8696,82.4561
195,84.1629,85.8696,82.4561
196,84.1629,85.8696,82.4561
197,84.1629,85.8696,82.4561
198,84.1629,85.8696,82.4561
199,84.1629,85.8696,82.4561
200,84.1629,85.8696,82.4561
201,84.1629,85.8696,82.4561
202,84.1629,85.8696,82.4561
203,84.1629,85.8696,82.4561
204,84.1629,85.8696,82.4561
205,84.1629,85.8696,82.4561
206,84.1629,85.8696,82.4561
207,84.1629,85.8696,82.4561
208,84.1629,85.8696,82.4561
209,84.1629,85.8696,82.4561
210,84.1629,85.8696,82.4561
211,84.1629,85.8696,82.4561
212,84.1629,85.8696,82.4561
213,84.1629,85.8696,82.4561
214,84.1629,85.8696,82.4561
215,84.1629,85.8696,82.4561
216,84.1629,85.8696,82.4561
217,84.1629,85.8696,82.4561
218,84.1629,85.8696,82.4561
219,84.1629,85.8696,82.4561
220,84.1629,85.8696,82.4561
221,84.1629,85.8696,82.4561
222,84.1629,85.8696,82.4561
223,84.1629,85.8696,82.4561
224,84.1629,85.8696,82.4561
225,84.1629,85.8696,82.4561
226,84.1629,85.8696,82.4561
227,84.2868,82.6087,85.9649
228,84.8303,83.6956,85.9649
229,85.3738,84.7826,85.9649
230,85.3738,84.7826,85.9649
231,85.3738,84.7826,85.9649
232,86.127,88.0435,84.2105
233,86.127,88.0435,84.2105
234,86.127,88.0435,84.2105
235,86.127,88.0435,84.2105
236,86.127,88.0435,84.2105
237,86.127,88.0435,84.2105
238,86.127,88.0435,84.2105
239,86.127,88.0435,84.2105
240,86.127,88.0435,84.2105
241,86.127,88.0435,84.2105
242,86.127,88.0435,84.2105
243,86.127,88.0435,84.2105
244,86.127,88.0435,84.2105
245,86.127,88.0435,84.2105
246,86.127,88.0435,84.2105
247,86.127,88.0435,84.2105
248,86.127,88.0435,84.2105
249,86.127,88.0435,84.2105
250,86.127,88.0435,84.2105
251,86.127,88.0435,84.2105
252,86.127,88.0435,84.2105
253,86.127,88.0435,84.2105
254,86.127,88.0435,84.2105
255,86.127,88.0435,84.2105
256,86.127,88.0435,84.2105
257,86.127,88.0435,84.2105
258,86.127,88.0435,84.2105
259,86.127,88.0435,84.2105
260,86.127,88.0435,84.2105
261,86.127,88.0435,84.2105
262,86.127,88.0435,84.2105
263,86.127,88.0435,84.2105
264,86.127,88.0435,84.2105
265,86.127,88.0435,84.2105
266,86.127,88.0435,84.2105
267,86.127,88.0435,84.2105
268,86.127,88.0435,84.2105
269,86.127,88.0435,84.2105
270,86.127,88.0435,84.2105
271,86.127,88.0435,84.2105
272,86.127,88.0435,84.2105
273,86.127,88.0435,84.2105
274,86.127,88.0435,84.2105
275,86.127,88.0435,84.2105
276,86.127,88.0435,84.2105
277,86.127,88.0435,84.2105
278,86.127,88.0435,84.2105
279,86.127,88.0435,84.2105
280,86.127,88.0435,84.2105
281,86.127,88.0435,84.2105
282,86.2509,84.7826,87.7193
283,86.2509,84.7826,87.7193
284,86.2509,84.7826,87.7193
285,86.2509,84.7826,87.7193
286,86.2509,84.7826,87.7193
287,86.2509,84.7826,87.7193
288,86.2509,84.7826,87.7193
289,87.0042,88.0435,85.9649
290,87.0042,88.0435,85.9649
291,87.0042,88.0435,85.9649
292,87.0042,88.0435,85.9649
293,87.0042,88.0435,85.9649
294,87.0042,88.0435,85.9649
295,87.0042,88.0435,85.9649
296,87.0042,88.0435,85.9649
297,87.0042,88.0435,85.9649
298,87.0042,88.0435,85.9649
299,87.0042,88.0435,85.9649
300,87.0042,88.0435,85.9649
