n_gen,%agr,%clas,%red
2,56.5122,90.2174,22.807
3,57.5992,92.3913,22.807
4,57.5992,92.3913,22.807
5,60.3547,89.1304,31.5789
6,60.3547,89.1304,31.5789
7,60.3547,89.1304,31.5789
8,61.7754,90.2174,33.3333
9,62.6526,90.2174,35.0877
10,62.9863,89.1304,36.8421
11,62.9863,89.1304,36.8421
12,66.2853,86.9565,45.614
13,66.2853,86.9565,45.614
14,66.2853,86.9565,45.614
15,66.2853,86.9565,45.614
16,66.495,89.1304,43.8596
17,66.8288,88.0435,45.614
18,66.8288,88.0435,45.614
19,66.8288,88.0435,45.614
20,68.5831,88.0435,49.1228
21,68.9169,86.9565,50.8772
22,69.6701,90.2174,49.1228
23,69.6701,90.2174,49.1228
24,69.6701,90.2174,49.1228
25,69.6701,90.2174,49.1228
26,69.6701,90.2174,49.1228
27,69.6701,90.2174,49.1228
28,69.6701,90.2174,49.1228
29,70.5473,90.2174,50.8772
30,70.5473,90.2174,50.8772
31,70.5473,90.2174,50.8772
32,70.5473,90.2174,50.8772
33,70.881,89.1304,52.6316
34,71.005,85.8696,56.1404
35,71.005,85.8696,56.1404
36,71.005,85.8696,56.1404
37,74.8475,84.7826,64.9123
38,74.9333,90.2174,59.6491
39,74.9333,90.2174,59.6491
40,74.9333,90.2174,59.6491
41,74.9333,90.2174,59.6491
42,74.9333,90.2174,59.6491
43,74.9333,90.2174,59.6491
44,74.9333,90.2174,59.6491
45,74.9333,90.2174,59.6491
46,74.9333,90.2174,59.6491
47,74.9333,90.2174,59.6491
48,74.9333,90.2174,59.6491
49,75.4767,91.3044,59.6491
50,75.4767,91.3044,59.6491
51,76.4779,88.0435,64.9123
52,76.4779,88.0435,64.9123
53,77.9844,94.5652,61.4035
54,77.9844,94.5652,61.4035
55,77.9844,94.5652,61.4035
56,77.9844,94.5652,61.4035
57,77.9844,94.5652,61.4035
58,77.9844,94.5652,61.4035
59,77.9844,94.5652,61.4035
60,77.9844,94.5652,61.4035
61,77.9844,94.5652,61.4035
62,77.9844,94.5652,61.4035
63,79.405,95.6522,63.1579
64,79.405,95.6522,63.1579
65,79.405,95.6522,63.1579
66,79.405,95.6522,63.1579
67,79.405,95.6522,63.1579
68,79.405,95.6522,63.1579
69,79.405,95.6522,63.1579
70,79.405,95.6522,63.1579
71,79.405,95.6522,63.1579
72,80.1964,90.2174,70.1754
73,80.5301,89.1304,71.9298
74,80.5301,89.1304,71.9298
75,81.5313,85.8696,77.193
76,81.5313,85.8696,77.193
77,81.5313,85.8696,77.193
78,81.5313,85.8696,77.193
79,83.5812,93.4783,73.6842
80,83.5812,93.4783,73.6842
81,83.5812,93.4783,73.6842
82,83.5812,93.4783,73.6842
83,83.5812,93.4783,73.6842
84,83.7052,90.2174,77.193
85,83.7052,90.2174,77.193
86,83.7052,90.2174,77.193
87,83.7052,90.2174,77.193
88,85.4596,90.2174,80.7018
89,85.4596,90.2174,80.7018
90,85.4596,90.2174,80.7018
91,85.4596,90.2174,80.7018
92,85.4596,90.2174,80.7018
93,85.4596,90.2174,80.7018
94,85.4596,90.2174,80.7018
95,85.4596,90.2174,80.7018
96,85.4596,90.2174,80.7018
97,85.4596,90.2174,80.7018
98,85.4596,90.2174,80.7018
99,86.3368,90.2174,82.4561
100,86.3368,90.2174,82.4561
101,86.3368,90.2174,82.4561
102,86.3368,90.2174,82.4561
103,86.3368,90.2174,82.4561
104,86.6705,89.1304,84.2105
105,86.6705,89.1304,84.2105
106,86.6705,89.1304,84.2105
107,87.5477,89.1304,85.9649
108,87.5477,89.1304,85.9649
109,87.5477,89.1304,85.9649
110,87.5477,89.1304,85.9649
111,87.5477,89.1304,85.9649
112,87.9672,93.4783,82.4561
113,87.9672,93.4783,82.4561
114,87.9672,93.4783,82.4561
115,87.9672,93.4783,82.4561
116,87.9672,93.4783,82.4561
117,87.9672,93.4783,82.4561
118,88.4249,89.1304,87.7193
119,88.4249,89.1304,87.7193
120,88.4249,89.1304,87.7193
121,89.1781,92.3913,85.9649
122,89.1781,92.3913,85.9649
123,89.1781,92.3913,85.9649
124,89.1781,92.3913,85.9649
125,89.7216,93.4783,85.9649
126,89.7216,93.4783,85.9649
127,89.7216,93.4783,85.9649
128,89.7216,93.4783,85.9649
129,89.7216,93.4783,85.9649
130,89.7216,93.4783,85.9649
131,89.7216,93.4783,85.9649
132,89.7216,93.4783,85.9649
133,89.7216,93.4783,85.9649
134,89.7216,93.4783,85.9649
135,89.7216,93.4783,85.9649
136,89.7216,93.4783,85.9649
137,89.7216,93.4783,85.9649
138,89.7216,93.4783,85.9649
139,89.7216,93.4783,85.9649
140,89.7216,93.4783,85.9649
141,89.7216,93.4783,85.9649
142,90.2651,94.5652,85.9649
143,90.2651,94.5652,85.9649
144,90.2651,94.5652,85.9649
145,90.2651,94.5652,85.9649
146,90.2651,94.5652,85.9649
147,90.9325,92.3913,89.4737
148,90.9325,92.3913,89.4737
149,90.9325,92.3913,89.4737
150,90.9325,92.3913,89.4737
151,90.9325,92.3913,89.4737
152,90.9325,92.3913,89.4737
153,90.9325,92.3913,89.4737
154,90.9325,92.3913,89.4737
155,91.1423,94.5652,87.7193
156,91.1423,94.5652,87.7193
157,91.1423,94.5652,87.7193
158,91.1423,94.5652,87.7193
159,91.1423,94.5652,87.7193
160,91.1423,94.5652,87.7193
161,91.1423,94.5652,87.7193
162,91.1423,94.5652,87.7193
163,91.1423,94.5652,87.7193
164,91.2662,91.3044,91.2281
165,91.2662,91.3044,91.2281
166,91.2662,91.3044,91.2281
167,91.2662,91.3044,91.2281
168,91.2662,91.3044,91.2281
169,91.2662,91.3044,91.2281
170,91.2662,91.3044,91.2281
171,91.2662,91.3044,91.2281
172,91.2662,91.3044,91.2281
173,91.2662,91.3044,91.2281
174,91.2662,91.3044,91.2281
175,91.2662,91.3044,91.2281
176,91.2662,91.3044,91.2281
177,91.2662,91.3044,91.2281
178,91.2662,91.3044,91.2281
179,91.2662,91.3044,91.2281
180,91.2662,91.3044,91.2281
181,91.2662,91.3044,91.2281
182,91.5999,90.2174,92.9825
183,91.5999,90.2174,92.9825
184,91.5999,90.2174,92.9825
185,91.5999,90.2174,92.9825
186,91.5999,90.2174,92.9825
187,91.5999,90.2174,92.9825
188,91.5999,90.2174,92.9825
189,91.5999,90.2174,92.9825
190,91.5999,90.2174,92.9825
191,91.5999,90.2174,92.9825
192,91.5999,90.2174,92.9825
193,91.5999,90.2174,92.9825
194,91.5999,90.2174,92.9825
195,91.5999,90.2174,92.9825
196,91.5999,90.2174,92.9825
197,91.5999,90.2174,92.9825
198,91.5999,90.2174,92.9825
199,91.5999,90.2174,92.9825
200,91.5999,90.2174,92.9825
201,91.5999,90.2174,92.9825
202,91.5999,90.2174,92.9825
203,91.5999,90.2174,92.9825
204,91.5999,90.2174,92.9825
205,91.5999,90.2174,92.9825
206,91.5999,90.2174,92.9825
207,91.5999,90.2174,92.9825
208,91.5999,90.2174,92.9825
209,91.5999,90.2174,92.9825
210,91.5999,90.2174,92.9825
211,91.5999,90.2174,92.9825
212,91.5999,90.2174,92.9825
213,91.5999,90.2174,92.9825
214,91.5999,90.2174,92.9825
215,91.5999,90.2174,92.9825
216,91.5999,90.2174,92.9825
217,91.5999,90.2174,92.9825
218,91.5999,90.2174,92.9825
219,91.5999,90.2174,92.9825
220,91.5999,90.2174,92.9825
221,91.5999,90.2174,92.9825
222,91.5999,90.2174,92.9825
223,91.5999,90.2174,92.9825
224,91.5999,90.2174,92.9825
225,91.5999,90.2174,92.9825
226,91.5999,90.2174,92.9825
227,91.5999,90.2174,92.9825
228,91.5999,90.2174,92.9825
229,91.5999,90.2174,92.9825
230,91.5999,90.2174,92.9825
231,91.5999,90.2174,92.9825
232,91.5999,90.2174,92.9825
233,91.5999,90.2174,92.9825
234,91.5999,90.2174,92.9825
235,91.5999,90.2174,92.9825
236,91.5999,90.2174,92.9825
237,91.5999,90.2174,92.9825
238,91.5999,90.2174,92.9825
239,91.5999,90.2174,92.9825
240,91.5999,90.2174,92.9825
241,91.5999,90.2174,92.9825
242,91.5999,90.2174,92.9825
243,91.5999,90.2174,92.9825
244,91.5999,90.2174,92.9825
245,91.5999,90.2174,92.9825
246,91.5999,90.2174,92.9825
247,91.5999,90.2174,92.9825
248,91.5999,90.2174,92.9825
249,91.5999,90.2174,92.9825
250,91.5999,90.2174,92.9825
251,91.5999,90.2174,92.9825
252,91.5999,90.2174,92.9825
253,91.5999,90.2174,92.9825
254,91.5999,90.2174,92.9825
255,91.5999,90.2174,92.9825
256,91.5999,90.2174,92.9825
257,91.5999,90.2174,92.9825
258,91.5999,90.2174,92.9825
259,91.5999,90.2174,92.9825
260,91.5999,90.2174,92.9825
261,91.5999,90.2174,92.9825
262,91.5999,90.2174,92.9825
263,91.5999,90.2174,92.9825
264,91.5999,90.2174,92.9825
265,91.5999,90.2174,92.9825
266,91.5999,90.2174,92.9825
267,91.5999,90.2174,92.9825
268,91.5999,90.2174,92.9825
269,91.5999,90.2174,92.9825
270,91.5999,90.2174,92.9825
271,91.5999,90.2174,92.9825
272,91.5999,90.2174,92.9825
273,91.5999,90.2174,92.9825
274,91.5999,90.2174,92.9825
275,91.5999,90.2174,92.9825
276,91.5999,90.2174,92.9825
277,91.5999,90.2174,92.9825
278,91.5999,90.2174,92.9825
279,91.5999,90.2174,92.9825
280,91.5999,90.2174,92.9825
281,91.5999,90.2174,92.9825
282,91.5999,90.2174,92.9825
283,91.5999,90.2174,92.9825
284,91.5999,90.2174,92.9825
285,91.5999,90.2174,92.9825
286,91.5999,90.2174,92.9825
287,91.5999,90.2174,92.9825
288,91.5999,90.2174,92.9825
289,91.5999,90.2174,92.9825
290,91.5999,90.2174,92.9825
291,91.5999,90.2174,92.9825
292,91.5999,90.2174,92.9825
293,91.5999,90.2174,92.9825
294,91.5999,90.2174,92.9825
295,91.5999,90.2174,92.9825
296,91.5999,90.2174,92.9825
297,91.5999,90.2174,92.9825
298,91.5999,90.2174,92.9825
299,91.5999,90.2174,92.9825
300,91.5999,90.2174,92.9825
