n_gen,%agr,%clas,%red
0,50.286,84.7826,15.7895
1,51.0393,88.0435,14.0351
2,50.4958,86.9565,14.0351
3,49.7426,83.6956,15.7895
4,51.9165,88.0435,15.7895
5,50.7056,89.1304,12.2807
6,50.8295,85.8696,15.7895
7,50.4958,86.9565,14.0351
8,51.0393,88.0435,14.0351
9,52.1262,90.2174,14.0351
10,52.1262,90.2174,14.0351
11,52.1262,90.2174,14.0351
12,52.6697,91.3044,14.0351
13,52.6697,91.3044,14.0351
14,52.6697,91.3044,14.0351
15,52.6697,91.3044,14.0351
16,52.7937,88.0435,17.5439
17,52.7937,88.0435,17.5439
18,53.8806,90.2174,17.5439
19,54.4241,91.3044,17.5439
20,54.4241,91.3044,17.5439
21,54.2143,89.1304,19.2982
22,54.2143,89.1304,19.2982
23,54.2143,89.1304,19.2982
24,54.0904,92.3913,15.7895
25,54.0904,92.3913,15.7895
26,54.0904,92.3913,15.7895
27,54.4241,91.3044,17.5439
28,54.4241,91.3044,17.5439
29,54.4241,91.3044,17.5439
30,54.6339,93.4783,15.7895
31,54.6339,93.4783,15.7895
32,54.6339,93.4783,15.7895
33,54.6339,93.4783,15.7895
34,54.6339,93.4783,15.7895
35,54.9676,92.3913,17.5439
36,54.9676,92.3913,17.5439
37,54.9676,92.3913,17.5439
38,54.9676,92.3913,17.5439
39,54.9676,92.3913,17.5439
40,54.9676,92.3913,17.5439
41,54.9676,92.3913,17.5439
42,54.9676,92.3913,17.5439
43,54.9676,92.3913,17.5439
44,54.9676,92.3913,17.5439
45,54.9676,92.3913,17.5439
46,54.9676,92.3913,17.5439
47,54.9676,92.3913,17.5439
48,54.9676,92.3913,17.5439
49,54.9676,92.3913,17.5439
50,54.9676,92.3913,17.5439
51,54.9676,92.3913,17.5439
52,55.8448,92.3913,19.2982
53,55.8448,92.3913,19.2982
54,55.8448,92.3913,19.2982
55,55.8448,92.3913,19.2982
56,55.8448,92.3913,19.2982
57,55.8448,92.3913,19.2982
58,55.8448,92.3913,19.2982
59,55.8448,92.3913,19.2982
60,55.8448,92.3913,19.2982
61,55.8448,92.3913,19.2982
62,55.8448,92.3913,19.2982
63,55.8448,92.3913,19.2982
64,55.8448,92.3913,19.2982
65,55.8448,92.3913,19.2982
66,55.8448,92.3913,19.2982
67,55.8448,92.3913,19.2982
68,56.722,92.3913,21.0526
69,55.8448,92.3913,19.2982
70,55.8448,92.3913,19.2982
71,55.8448,92.3913,19.2982
72,55.8448,92.3913,19.2982
73,55.8448,92.3913,19.2982
74,55.8448,92.3913,19.2982
75,55.8448,92.3913,19.2982
76,55.8448,92.3913,19.2982
77,55.8448,92.3913,19.2982
78,55.8448,92.3913,19.2982
79,56.1785,91.3044,21.0526
80,56.1785,91.3044,21.0526
81,56.1785,91.3044,21.0526
82,56.1785,91.3044,21.0526
83,56.1785,91.3044,21.0526
84,56.1785,91.3044,21.0526
85,56.1785,91.3044,21.0526
86,56.1785,91.3044,21.0526
87,56.1785,91.3044,21.0526
88,56.722,92.3913,21.0526
89,56.1785,91.3044,21.0526
90,56.1785,91.3044,21.0526
91,56.1785,91.3044,21.0526
92,56.1785,91.3044,21.0526
93,56.1785,91.3044,21.0526
94,56.1785,91.3044,21.0526
95,56.1785,91.3044,21.0526
96,56.1785,91.3044,21.0526
97,56.1785,91.3044,21.0526
98,57.0557,91.3044,22.807
99,57.0557,91.3044,22.807
100,57.0557,91.3044,22.807
101,57.0557,91.3044,22.807
102,57.0557,91.3044,22.807
103,57.0557,91.3044,22.807
104,57.0557,91.3044,22.807
105,57.0557,91.3044,22.807
106,57.0557,91.3044,22.807
107,57.0557,91.3044,22.807
108,57.0557,91.3044,22.807
109,57.0557,91.3044,22.807
110,57.0557,91.3044,22.807
111,57.0557,91.3044,22.807
112,57.0557,91.3044,22.807
113,57.0557,91.3044,22.807
114,57.0557,91.3044,22.807
115,57.0557,91.3044,22.807
116,57.0557,91.3044,22.807
117,57.5992,92.3913,22.807
118,57.0557,91.3044,22.807
119,57.0557,91.3044,22.807
120,57.0557,91.3044,22.807
121,57.0557,91.3044,22.807
122,57.0557,91.3044,22.807
123,57.9329,91.3044,24.5614
124,57.9329,91.3044,24.5614
125,57.9329,91.3044,24.5614
126,57.9329,91.3044,24.5614
127,57.9329,91.3044,24.5614
128,58.4764,92.3913,24.5614
129,58.4764,92.3913,24.5614
130,58.4764,92.3913,24.5614
131,58.4764,92.3913,24.5614
132,58.4764,92.3913,24.5614
133,58.4764,92.3913,24.5614
134,58.4764,92.3913,24.5614
135,58.4764,92.3913,24.5614
136,58.4764,92.3913,24.5614
137,58.4764,92.3913,24.5614
138,59.3535,92.3913,26.3158
139,58.4764,92.3913,24.5614
140,58.4764,92.3913,24.5614
141,58.4764,92.3913,24.5614
142,58.4764,92.3913,24.5614
143,58.4764,92.3913,24.5614
144,58.4764,92.3913,24.5614
145,58.4764,92.3913,24.5614
146,58.4764,92.3913,24.5614
147,58.4764,92.3913,24.5614
148,58.4764,92.3913,24.5614
149,58.4764,92.3913,24.5614
150,59.3535,92.3913,26.3158
151,59.3535,92.3913,26.3158
152,59.3535,92.3913,26.3158
153,59.3535,92.3913,26.3158
154,59.3535,92.3913,26.3158
155,59.3535,92.3913,26.3158
156,59.3535,92.3913,26.3158
157,59.3535,92.3913,26.3158
158,59.3535,92.3913,26.3158
159,59.3535,92.3913,26.3158
160,59.3535,92.3913,26.3158
161,59.3535,92.3913,26.3158
162,59.3535,92.3913,26.3158
163,59.3535,92.3913,26.3158
164,59.3535,92.3913,26.3158
165,59.3535,92.3913,26.3158
166,59.3535,92.3913,26.3158
167,59.3535,92.3913,26.3158
168,59.3535,92.3913,26.3158
169,59.3535,92.3913,26.3158
170,59.3535,92.3913,26.3158
171,59.1438,90.2174,28.0702
172,59.1438,90.2174,28.0702
173,59.1438,90.2174,28.0702
174,59.1438,90.2174,28.0702
175,59.1438,90.2174,28.0702
176,60.021,90.2174,29.8246
177,60.021,90.2174,29.8246
178,60.021,90.2174,29.8246
179,60.021,90.2174,29.8246
180,60.021,90.2174,29.8246
181,60.021,90.2174,29.8246
182,60.021,90.2174,29.8246
183,59.4775,89.1304,29.8246
184,60.021,90.2174,29.8246
185,60.021,90.2174,29.8246
186,60.021,90.2174,29.8246
187,60.5645,91.3044,29.8246
188,60.5645,91.3044,29.8246
189,60.5645,91.3044,29.8246
190,60.5645,91.3044,29.8246
191,60.5645,91.3044,29.8246
192,60.5645,91.3044,29.8246
193,60.5645,91.3044,29.8246
194,60.5645,91.3044,29.8246
195,60.5645,91.3044,29.8246
196,60.5645,91.3044,29.8246
197,61.4416,91.3044,31.5789
198,61.4416,91.3044,31.5789
199,61.4416,91.3044,31.5789
200,61.4416,91.3044,31.5789
201,61.4416,91.3044,31.5789
202,61.4416,91.3044,31.5789
203,61.4416,91.3044,31.5789
204,61.4416,91.3044,31.5789
205,61.4416,91.3044,31.5789
206,61.4416,91.3044,31.5789
207,61.4416,91.3044,31.5789
208,61.4416,91.3044,31.5789
209,61.4416,91.3044,31.5789
210,61.7754,90.2174,33.3333
211,61.7754,90.2174,33.3333
212,61.7754,90.2174,33.3333
213,61.7754,90.2174,33.3333
214,61.7754,90.2174,33.3333
215,61.7754,90.2174,33.3333
216,61.7754,90.2174,33.3333
217,61.7754,90.2174,33.3333
218,61.7754,90.2174,33.3333
219,61.7754,90.2174,33.3333
220,61.7754,90.2174,33.3333
221,61.7754,90.2174,33.3333
222,61.7754,90.2174,33.3333
223,61.7754,90.2174,33.3333
224,62.1091,89.1304,35.0877
225,61.7754,90.2174,33.3333
226,61.7754,90.2174,33.3333
227,61.7754,90.2174,33.3333
228,61.7754,90.2174,33.3333
229,61.7754,90.2174,33.3333
230,61.7754,90.2174,33.3333
231,61.7754,90.2174,33.3333
232,61.7754,90.2174,33.3333
233,61.7754,90.2174,33.3333
234,62.6526,90.2174,35.0877
235,62.6526,90.2174,35.0877
236,62.6526,90.2174,35.0877
237,62.6526,90.2174,35.0877
238,62.6526,90.2174,35.0877
239,62.6526,90.2174,35.0877
240,62.6526,90.2174,35.0877
241,62.6526,90.2174,35.0877
242,62.6526,90.2174,35.0877
243,62.6526,90.2174,35.0877
244,62.6526,90.2174,35.0877
245,62.6526,90.2174,35.0877
246,62.6526,90.2174,35.0877
247,62.6526,90.2174,35.0877
248,62.6526,90.2174,35.0877
249,62.6526,90.2174,35.0877
250,62.6526,90.2174,35.0877
251,62.6526,90.2174,35.0877
252,63.5297,90.2174,36.8421
253,62.9863,89.1304,36.8421
254,62.6526,90.2174,35.0877
255,62.6526,90.2174,35.0877
256,63.5297,90.2174,36.8421
257,63.5297,90.2174,36.8421
258,63.5297,90.2174,36.8421
259,63.5297,90.2174,36.8421
260,63.5297,90.2174,36.8421
261,63.5297,90.2174,36.8421
262,63.5297,90.2174,36.8421
263,63.5297,90.2174,36.8421
264,63.5297,90.2174,36.8421
265,63.5297,90.2174,36.8421
266,63.5297,90.2174,36.8421
267,63.5297,90.2174,36.8421
268,63.5297,90.2174,36.8421
269,63.5297,90.2174,36.8421
270,63.5297,90.2174,36.8421
271,63.5297,90.2174,36.8421
272,63.5297,90.2174,36.8421
273,63.5297,90.2174,36.8421
274,64.4069,90.2174,38.5965
275,64.4069,90.2174,38.5965
276,63.5297,90.2174,36.8421
277,63.5297,90.2174,36.8421
278,63.5297,90.2174,36.8421
279,64.4069,90.2174,38.5965
280,63.5297,90.2174,36.8421
281,63.5297,90.2174,36.8421
282,64.4069,90.2174,38.5965
283,63.5297,90.2174,36.8421
284,63.5297,90.2174,36.8421
285,63.5297,90.2174,36.8421
286,63.5297,90.2174,36.8421
287,63.5297,90.2174,36.8421
288,63.5297,90.2174,36.8421
289,63.5297,90.2174,36.8421
290,64.4069,90.2174,38.5965
291,64.4069,90.2174,38.5965
292,64.4069,90.2174,38.5965
293,64.4069,90.2174,38.5965
294,64.4069,90.2174,38.5965
295,64.4069,90.2174,38.5965
296,64.4069,90.2174,38.5965
297,64.4069,90.2174,38.5965
298,64.4069,90.2174,38.5965
299,64.7407,89.1304,40.3509
300,64.7407,89.1304,40.3509
301,64.7407,89.1304,40.3509
302,64.7407,89.1304,40.3509
303,64.7407,89.1304,40.3509
304,64.7407,89.1304,40.3509
305,64.7407,89.1304,40.3509
306,64.7407,89.1304,40.3509
307,64.7407,89.1304,40.3509
308,64.7407,89.1304,40.3509
309,64.7407,89.1304,40.3509
310,64.7407,89.1304,40.3509
311,64.7407,89.1304,40.3509
312,64.7407,89.1304,40.3509
313,64.7407,89.1304,40.3509
314,64.7407,89.1304,40.3509
315,64.7407,89.1304,40.3509
316,64.7407,89.1304,40.3509
317,64.7407,89.1304,40.3509
318,64.7407,89.1304,40.3509
319,64.7407,89.1304,40.3509
320,64.7407,89.1304,40.3509
321,64.7407,89.1304,40.3509
322,64.7407,89.1304,40.3509
323,64.7407,89.1304,40.3509
324,64.7407,89.1304,40.3509
325,64.7407,89.1304,40.3509
326,64.7407,89.1304,40.3509
327,64.7407,89.1304,40.3509
328,64.8646,85.8696,43.8596
329,64.8646,85.8696,43.8596
330,64.8646,85.8696,43.8596
331,64.8646,85.8696,43.8596
332,64.8646,85.8696,43.8596
333,65.0744,88.0435,42.1053
334,65.0744,88.0435,42.1053
335,65.0744,88.0435,42.1053
336,65.0744,88.0435,42.1053
337,65.0744,88.0435,42.1053
338,65.0744,88.0435,42.1053
339,65.0744,88.0435,42.1053
340,65.0744,88.0435,42.1053
341,65.0744,88.0435,42.1053
342,65.0744,88.0435,42.1053
343,65.9516,88.0435,43.8596
344,65.9516,88.0435,43.8596
345,65.9516,88.0435,43.8596
346,65.9516,88.0435,43.8596
347,65.9516,88.0435,43.8596
348,65.9516,88.0435,43.8596
349,66.495,89.1304,43.8596
350,65.9516,88.0435,43.8596
351,67.3722,89.1304,45.614
352,65.9516,88.0435,43.8596
353,65.9516,88.0435,43.8596
354,65.9516,88.0435,43.8596
355,65.9516,88.0435,43.8596
356,65.9516,88.0435,43.8596
357,65.9516,88.0435,43.8596
358,65.9516,88.0435,43.8596
359,65.9516,88.0435,43.8596
360,65.9516,88.0435,43.8596
361,65.9516,88.0435,43.8596
362,65.9516,88.0435,43.8596
363,66.8288,88.0435,45.614
364,66.8288,88.0435,45.614
365,66.8288,88.0435,45.614
366,66.8288,88.0435,45.614
367,66.8288,88.0435,45.614
368,66.8288,88.0435,45.614
369,66.8288,88.0435,45.614
370,66.8288,88.0435,45.614
371,66.8288,88.0435,45.614
372,66.8288,88.0435,45.614
373,66.8288,88.0435,45.614
374,66.8288,88.0435,45.614
375,67.706,88.0435,47.3684
376,67.706,88.0435,47.3684
377,67.706,88.0435,47.3684
378,67.706,88.0435,47.3684
379,67.706,88.0435,47.3684
380,67.706,88.0435,47.3684
381,67.706,88.0435,47.3684
382,67.706,88.0435,47.3684
383,67.706,88.0435,47.3684
384,67.706,88.0435,47.3684
385,67.706,88.0435,47.3684
386,67.706,88.0435,47.3684
387,67.706,88.0435,47.3684
388,67.706,88.0435,47.3684
389,67.706,88.0435,47.3684
390,67.706,88.0435,47.3684
391,67.706,88.0435,47.3684
392,68.0397,86.9565,49.1228
393,68.0397,86.9565,49.1228
394,68.0397,86.9565,49.1228
395,68.0397,86.9565,49.1228
396,68.0397,86.9565,49.1228
397,68.0397,86.9565,49.1228
398,68.0397,86.9565,49.1228
399,68.0397,86.9565,49.1228
400,68.0397,86.9565,49.1228
401,68.0397,86.9565,49.1228
402,68.0397,86.9565,49.1228
403,68.0397,86.9565,49.1228
404,68.0397,86.9565,49.1228
405,68.0397,86.9565,49.1228
406,68.0397,86.9565,49.1228
407,69.4603,88.0435,50.8772
408,69.4603,88.0435,50.8772
409,69.4603,88.0435,50.8772
410,69.794,86.9565,52.6316
411,69.4603,88.0435,50.8772
412,69.4603,88.0435,50.8772
413,69.4603,88.0435,50.8772
414,69.4603,88.0435,50.8772
415,69.4603,88.0435,50.8772
416,70.3375,88.0435,52.6316
417,69.4603,88.0435,50.8772
418,69.4603,88.0435,50.8772
419,69.4603,88.0435,50.8772
420,70.3375,88.0435,52.6316
421,70.3375,88.0435,52.6316
422,70.3375,88.0435,52.6316
423,70.3375,88.0435,52.6316
424,70.3375,88.0435,52.6316
425,70.3375,88.0435,52.6316
426,70.3375,88.0435,52.6316
427,71.2147,88.0435,54.386
428,70.3375,88.0435,52.6316
429,70.3375,88.0435,52.6316
430,70.3375,88.0435,52.6316
431,70.3375,88.0435,52.6316
432,70.3375,88.0435,52.6316
433,70.3375,88.0435,52.6316
434,70.3375,88.0435,52.6316
435,70.6712,86.9565,54.386
436,70.881,89.1304,52.6316
437,70.881,89.1304,52.6316
438,70.881,89.1304,52.6316
439,70.881,89.1304,52.6316
440,70.881,89.1304,52.6316
441,70.881,89.1304,52.6316
442,70.881,89.1304,52.6316
443,70.881,89.1304,52.6316
444,70.881,89.1304,52.6316
445,70.881,89.1304,52.6316
446,70.881,89.1304,52.6316
447,70.881,89.1304,52.6316
448,70.881,89.1304,52.6316
449,70.881,89.1304,52.6316
450,70.881,89.1304,52.6316
451,72.3017,90.2174,54.386
452,72.3017,90.2174,54.386
453,72.3017,90.2174,54.386
454,72.3017,90.2174,54.386
455,72.3017,90.2174,54.386
456,72.3017,90.2174,54.386
457,72.3017,90.2174,54.386
458,72.3017,90.2174,54.386
459,72.3017,90.2174,54.386
460,72.8452,91.3044,54.386
461,72.8452,91.3044,54.386
462,72.8452,91.3044,54.386
463,72.8452,91.3044,54.386
464,72.8452,91.3044,54.386
465,72.8452,91.3044,54.386
466,72.8452,91.3044,54.386
467,72.8452,91.3044,54.386
468,73.7224,91.3044,56.1404
469,73.7224,91.3044,56.1404
470,73.7224,91.3044,56.1404
471,74.2658,92.3913,56.1404
472,74.2658,92.3913,56.1404
473,74.2658,92.3913,56.1404
474,74.5995,91.3044,57.8947
475,74.5995,91.3044,57.8947
476,74.5995,91.3044,57.8947
477,74.5995,91.3044,57.8947
478,74.9333,90.2174,59.6491
479,74.5995,91.3044,57.8947
480,74.5995,91.3044,57.8947
481,74.5995,91.3044,57.8947
482,74.5995,91.3044,57.8947
483,74.5995,91.3044,57.8947
484,74.5995,91.3044,57.8947
485,74.5995,91.3044,57.8947
486,75.4767,91.3044,59.6491
487,75.4767,91.3044,59.6491
488,75.4767,91.3044,59.6491
489,75.4767,91.3044,59.6491
490,75.4767,91.3044,59.6491
491,75.4767,91.3044,59.6491
492,75.4767,91.3044,59.6491
493,75.4767,91.3044,59.6491
494,75.8104,90.2174,61.4035
495,75.4767,91.3044,59.6491
496,75.4767,91.3044,59.6491
497,75.4767,91.3044,59.6491
498,75.4767,91.3044,59.6491
499,75.4767,91.3044,59.6491
