n_gen,%agr,%clas,%red
2,52.2502,86.9565,17.5439
3,52.8318,79.3478,26.3158
4,59.058,84.7826,33.3333
5,59.058,84.7826,33.3333
6,59.058,84.7826,33.3333
7,60.3547,89.1304,31.5789
8,61.0221,86.9565,35.0877
9,61.0221,86.9565,35.0877
10,61.0221,86.9565,35.0877
11,61.0221,86.9565,35.0877
12,67.706,88.0435,47.3684
13,67.706,88.0435,47.3684
14,67.706,88.0435,47.3684
15,67.706,88.0435,47.3684
16,67.706,88.0435,47.3684
17,67.706,88.0435,47.3684
18,67.706,88.0435,47.3684
19,67.706,88.0435,47.3684
20,68.4592,91.3044,45.614
21,68.4592,91.3044,45.614
22,68.4592,91.3044,45.614
23,69.0027,92.3913,45.614
24,69.0027,92.3913,45.614
25,69.0027,92.3913,45.614
26,69.0027,92.3913,45.614
27,70.6712,86.9565,54.386
28,70.6712,86.9565,54.386
29,70.6712,86.9565,54.386
30,70.6712,86.9565,54.386
31,72.6354,89.1304,56.1404
32,72.6354,89.1304,56.1404
33,72.6354,89.1304,56.1404
34,72.6354,89.1304,56.1404
35,72.6354,89.1304,56.1404
36,72.6354,89.1304,56.1404
37,72.6354,89.1304,56.1404
38,72.6354,89.1304,56.1404
39,72.6354,89.1304,56.1404
40,73.3028,86.9565,59.6491
41,73.3028,86.9565,59.6491
42,73.3028,86.9565,59.6491
43,75.6007,88.0435,63.1579
44,75.6007,88.0435,63.1579
45,75.6007,88.0435,63.1579
46,75.6007,88.0435,63.1579
47,75.6007,88.0435,63.1579
48,76.6876,90.2174,63.1579
49,76.6876,90.2174,63.1579
50,76.6876,90.2174,63.1579
51,76.6876,90.2174,63.1579
52,76.6876,90.2174,63.1579
53,76.6876,90.2174,63.1579
54,76.6876,90.2174,63.1579
55,76.6876,90.2174,63.1579
56,76.6876,90.2174,63.1579
57,76.6876,90.2174,63.1579
58,76.6876,90.2174,63.1579
59,76.6876,90.2174,63.1579
60,77.5648,90.2174,64.9123
61,77.5648,90.2174,64.9123
62,77.5648,90.2174,64.9123
63,77.5648,90.2174,64.9123
64,79.4432,86.9565,71.9298
65,79.4432,86.9565,71.9298
66,79.4432,86.9565,71.9298
67,79.4432,86.9565,71.9298
68,79.4432,86.9565,71.9298
69,79.7387,94.5652,64.9123
70,79.7387,94.5652,64.9123
71,79.7387,94.5652,64.9123
72,79.7387,94.5652,64.9123
73,80.7399,91.3044,70.1754
74,80.7399,91.3044,70.1754
75,80.7399,91.3044,70.1754
76,80.7399,91.3044,70.1754
77,80.7399,91.3044,70.1754
78,80.7399,91.3044,70.1754
79,81.8269,93.4783,70.1754
80,82.828,90.2174,75.4386
81,82.828,90.2174,75.4386
82,82.828,90.2174,75.4386
83,82.828,90.2174,75.4386
84,82.828,90.2174,75.4386
85,82.828,90.2174,75.4386
86,82.828,90.2174,75.4386
87,82.828,90.2174,75.4386
88,83.2475,94.5652,71.9298
89,84.2487,91.3044,77.193
90,84.2487,91.3044,77.193
91,84.2487,91.3044,77.193
92,84.2487,91.3044,77.193
93,84.2487,91.3044,77.193
94,84.2487,91.3044,77.193
95,84.4584,93.4783,75.4386
96,84.4584,93.4783,75.4386
97,84.4584,93.4783,75.4386
98,84.4584,93.4783,75.4386
99,84.4584,93.4783,75.4386
100,84.4584,93.4783,75.4386
101,84.4584,93.4783,75.4386
102,85.0019,94.5652,75.4386
103,85.0019,94.5652,75.4386
104,85.0019,94.5652,75.4386
105,85.2498,88.0435,82.4561
106,86.3368,90.2174,82.4561
107,86.7563,94.5652,78.9474
108,86.7563,94.5652,78.9474
109,86.7563,94.5652,78.9474
110,86.7563,94.5652,78.9474
111,86.7563,94.5652,78.9474
112,87.09,93.4783,80.7018
113,87.09,93.4783,80.7018
114,87.214,90.2174,84.2105
115,87.214,90.2174,84.2105
116,88.3009,92.3913,84.2105
117,88.3009,92.3913,84.2105
118,88.3009,92.3913,84.2105
119,88.3009,92.3913,84.2105
120,88.3009,92.3913,84.2105
121,88.3009,92.3913,84.2105
122,88.3009,92.3913,84.2105
123,88.3009,92.3913,84.2105
124,88.5107,94.5652,82.4561
125,88.5107,94.5652,82.4561
126,88.5107,94.5652,82.4561
127,88.5107,94.5652,82.4561
128,88.5107,94.5652,82.4561
129,88.5107,94.5652,82.4561
130,88.8444,93.4783,84.2105
131,89.9314,95.6522,84.2105
132,89.9314,95.6522,84.2105
133,89.9314,95.6522,84.2105
134,89.9314,95.6522,84.2105
135,89.9314,95.6522,84.2105
136,89.9314,95.6522,84.2105
137,89.9314,95.6522,84.2105
138,91.352,96.7391,85.9649
139,91.352,96.7391,85.9649
140,91.352,96.7391,85.9649
141,91.352,96.7391,85.9649
142,91.6857,95.6522,87.7193
143,91.6857,95.6522,87.7193
144,91.6857,95.6522,87.7193
145,91.6857,95.6522,87.7193
146,91.6857,95.6522,87.7193
147,91.6857,95.6522,87.7193
148,91.6857,95.6522,87.7193
149,91.6857,95.6522,87.7193
150,91.6857,95.6522,87.7193
151,91.6857,95.6522,87.7193
152,91.6857,95.6522,87.7193
153,91.6857,95.6522,87.7193
154,91.6857,95.6522,87.7193
155,91.6857,95.6522,87.7193
156,91.6857,95.6522,87.7193
157,92.0194,94.5652,89.4737
158,92.0194,94.5652,89.4737
159,92.0194,94.5652,89.4737
160,92.0194,94.5652,89.4737
161,92.0194,94.5652,89.4737
162,92.0194,94.5652,89.4737
163,92.0194,94.5652,89.4737
164,92.0194,94.5652,89.4737
165,92.0194,94.5652,89.4737
166,92.0194,94.5652,89.4737
167,92.0194,94.5652,89.4737
168,92.0194,94.5652,89.4737
169,92.0194,94.5652,89.4737
170,92.0194,94.5652,89.4737
171,92.0194,94.5652,89.4737
172,92.0194,94.5652,89.4737
173,92.0194,94.5652,89.4737
174,92.0194,94.5652,89.4737
175,92.0194,94.5652,89.4737
176,92.0194,94.5652,89.4737
177,92.0194,94.5652,89.4737
178,92.0194,94.5652,89.4737
179,92.0194,94.5652,89.4737
180,92.0194,94.5652,89.4737
181,92.0194,94.5652,89.4737
182,92.0194,94.5652,89.4737
183,92.0194,94.5652,89.4737
184,92.0194,94.5652,89.4737
185,92.0194,94.5652,89.4737
186,92.0194,94.5652,89.4737
187,92.0194,94.5652,89.4737
188,92.0194,94.5652,89.4737
189,92.0194,94.5652,89.4737
190,92.0194,94.5652,89.4737
191,92.0194,94.5652,89.4737
192,92.0194,94.5652,89.4737
193,92.0194,94.5652,89.4737
194,92.0194,94.5652,89.4737
195,92.0194,94.5652,89.4737
196,92.0194,94.5652,89.4737
197,92.0194,94.5652,89.4737
198,92.0194,94.5652,89.4737
199,92.0194,94.5652,89.4737
200,92.0194,94.5652,89.4737
201,92.0194,94.5652,89.4737
202,92.0194,94.5652,89.4737
203,92.0194,94.5652,89.4737
204,93.0206,91.3044,94.7368
205,93.0206,91.3044,94.7368
206,93.0206,91.3044,94.7368
207,93.0206,91.3044,94.7368
208,93.0206,91.3044,94.7368
209,93.0206,91.3044,94.7368
210,93.0206,91.3044,94.7368
211,93.0206,91.3044,94.7368
212,93.0206,91.3044,94.7368
213,93.0206,91.3044,94.7368
214,93.0206,91.3044,94.7368
215,93.0206,91.3044,94.7368
216,93.0206,91.3044,94.7368
217,93.0206,91.3044,94.7368
218,93.0206,91.3044,94.7368
219,93.0206,91.3044,94.7368
220,93.0206,91.3044,94.7368
221,93.0206,91.3044,94.7368
222,93.0206,91.3044,94.7368
223,93.0206,91.3044,94.7368
224,93.0206,91.3044,94.7368
225,93.0206,91.3044,94.7368
226,93.0206,91.3044,94.7368
227,93.0206,91.3044,94.7368
228,93.0206,91.3044,94.7368
229,93.0206,91.3044,94.7368
230,93.0206,91.3044,94.7368
231,93.0206,91.3044,94.7368
232,93.0206,91.3044,94.7368
233,93.0206,91.3044,94.7368
234,93.0206,91.3044,94.7368
235,93.0206,91.3044,94.7368
236,93.0206,91.3044,94.7368
237,93.0206,91.3044,94.7368
238,93.0206,91.3044,94.7368
239,93.0206,91.3044,94.7368
240,93.0206,91.3044,94.7368
241,93.0206,91.3044,94.7368
242,93.0206,91.3044,94.7368
243,93.0206,91.3044,94.7368
244,93.0206,91.3044,94.7368
245,93.0206,91.3044,94.7368
246,93.0206,91.3044,94.7368
247,93.0206,91.3044,94.7368
248,93.0206,91.3044,94.7368
249,93.0206,91.3044,94.7368
250,93.0206,91.3044,94.7368
251,93.0206,91.3044,94.7368
252,93.0206,91.3044,94.7368
253,93.0206,91.3044,94.7368
254,93.0206,91.3044,94.7368
255,93.0206,91.3044,94.7368
256,93.0206,91.3044,94.7368
257,93.0206,91.3044,94.7368
258,93.0206,91.3044,94.7368
259,93.0206,91.3044,94.7368
260,93.0206,91.3044,94.7368
261,93.0206,91.3044,94.7368
262,93.0206,91.3044,94.7368
263,93.0206,91.3044,94.7368
264,93.0206,91.3044,94.7368
265,93.0206,91.3044,94.7368
266,93.0206,91.3044,94.7368
267,93.0206,91.3044,94.7368
268,93.0206,91.3044,94.7368
269,93.0206,91.3044,94.7368
270,93.0206,91.3044,94.7368
271,93.0206,91.3044,94.7368
272,93.0206,91.3044,94.7368
273,93.0206,91.3044,94.7368
274,93.0206,91.3044,94.7368
275,93.0206,91.3044,94.7368
276,93.0206,91.3044,94.7368
277,93.0206,91.3044,94.7368
278,93.0206,91.3044,94.7368
279,93.0206,91.3044,94.7368
280,93.0206,91.3044,94.7368
281,93.0206,91.3044,94.7368
282,93.0206,91.3044,94.7368
283,93.0206,91.3044,94.7368
284,93.0206,91.3044,94.7368
285,93.0206,91.3044,94.7368
286,93.0206,91.3044,94.7368
287,93.0206,91.3044,94.7368
288,93.0206,91.3044,94.7368
289,93.0206,91.3044,94.7368
290,93.0206,91.3044,94.7368
291,93.0206,91.3044,94.7368
292,93.0206,91.3044,94.7368
293,93.0206,91.3044,94.7368
294,93.0206,91.3044,94.7368
295,93.0206,91.3044,94.7368
296,93.0206,91.3044,94.7368
297,93.0206,91.3044,94.7368
298,93.0206,91.3044,94.7368
299,93.0206,91.3044,94.7368
300,93.0206,91.3044,94.7368
