n_gen,%agr,%clas,%red
2,54.3764,77.1739,31.5789
3,54.3764,77.1739,31.5789
4,54.3764,77.1739,31.5789
5,58.6384,80.4348,36.8421
6,58.6384,80.4348,36.8421
7,59.9352,84.7826,35.0877
8,59.9352,84.7826,35.0877
9,60.6884,88.0435,33.3333
10,61.6895,84.7826,38.5965
11,61.6895,84.7826,38.5965
12,61.6895,84.7826,38.5965
13,61.6895,84.7826,38.5965
14,61.8135,81.5217,42.1053
15,63.6537,86.9565,40.3509
16,64.5309,86.9565,42.1053
17,65.1983,84.7826,45.614
18,65.1983,84.7826,45.614
19,65.532,83.6956,47.3684
20,65.532,83.6956,47.3684
21,65.8657,82.6087,49.1228
22,65.8657,82.6087,49.1228
23,66.2853,86.9565,45.614
24,66.2853,86.9565,45.614
25,68.9169,86.9565,50.8772
26,68.9169,86.9565,50.8772
27,68.9169,86.9565,50.8772
28,70.881,89.1304,52.6316
29,70.881,89.1304,52.6316
30,70.881,89.1304,52.6316
31,70.881,89.1304,52.6316
32,70.881,89.1304,52.6316
33,70.881,89.1304,52.6316
34,72.2159,84.7826,59.6491
35,72.2159,84.7826,59.6491
36,72.2159,84.7826,59.6491
37,72.2159,84.7826,59.6491
38,72.2159,84.7826,59.6491
39,72.2159,84.7826,59.6491
40,72.2159,84.7826,59.6491
41,73.0931,84.7826,61.4035
42,73.0931,84.7826,61.4035
43,74.18,86.9565,61.4035
44,74.18,86.9565,61.4035
45,74.18,86.9565,61.4035
46,74.18,86.9565,61.4035
47,74.18,86.9565,61.4035
48,74.18,86.9565,61.4035
49,74.3898,89.1304,59.6491
50,80.6159,94.5652,66.6667
51,80.6159,94.5652,66.6667
52,80.6159,94.5652,66.6667
53,80.6159,94.5652,66.6667
54,80.6159,94.5652,66.6667
55,80.6159,94.5652,66.6667
56,80.6159,94.5652,66.6667
57,80.6159,94.5652,66.6667
58,80.6159,94.5652,66.6667
59,80.6159,94.5652,66.6667
60,80.6159,94.5652,66.6667
61,80.6159,94.5652,66.6667
62,80.6159,94.5652,66.6667
63,80.6159,94.5652,66.6667
64,80.6159,94.5652,66.6667
65,80.6159,94.5652,66.6667
66,80.6159,94.5652,66.6667
67,80.6159,94.5652,66.6667
68,80.6159,94.5652,66.6667
69,80.6159,94.5652,66.6667
70,80.6159,94.5652,66.6667
71,80.6159,94.5652,66.6667
72,80.6159,94.5652,66.6667
73,80.6159,94.5652,66.6667
74,80.6159,94.5652,66.6667
75,80.6159,94.5652,66.6667
76,80.6159,94.5652,66.6667
77,80.6159,94.5652,66.6667
78,80.8638,88.0435,73.6842
79,80.8638,88.0435,73.6842
80,80.8638,88.0435,73.6842
81,80.8638,88.0435,73.6842
82,80.8638,88.0435,73.6842
83,81.6171,91.3044,71.9298
84,81.6171,91.3044,71.9298
85,82.2845,89.1304,75.4386
86,82.2845,89.1304,75.4386
87,82.2845,89.1304,75.4386
88,82.2845,89.1304,75.4386
89,82.2845,89.1304,75.4386
90,82.2845,89.1304,75.4386
91,82.2845,89.1304,75.4386
92,82.2845,89.1304,75.4386
93,82.2845,89.1304,75.4386
94,82.2845,89.1304,75.4386
95,82.2845,89.1304,75.4386
96,82.2845,89.1304,75.4386
97,82.2845,89.1304,75.4386
98,82.4085,85.8696,78.9474
99,85.3356,93.4783,77.193
100,85.3356,93.4783,77.193
101,85.3356,93.4783,77.193
102,85.3356,93.4783,77.193
103,85.3356,93.4783,77.193
104,85.3356,93.4783,77.193
105,85.3356,93.4783,77.193
106,86.5465,92.3913,80.7018
107,86.5465,92.3913,80.7018
108,86.5465,92.3913,80.7018
109,86.5465,92.3913,80.7018
110,86.5465,92.3913,80.7018
111,86.5465,92.3913,80.7018
112,86.5465,92.3913,80.7018
113,86.5465,92.3913,80.7018
114,86.5465,92.3913,80.7018
115,86.5465,92.3913,80.7018
116,86.5465,92.3913,80.7018
117,86.5465,92.3913,80.7018
118,86.8802,91.3044,82.4561
119,87.09,93.4783,80.7018
120,87.6716,85.8696,89.4737
121,87.6716,85.8696,89.4737
122,87.6716,85.8696,89.4737
123,88.5107,94.5652,82.4561
124,88.5107,94.5652,82.4561
125,88.6346,91.3044,85.9649
126,88.6346,91.3044,85.9649
127,88.6346,91.3044,85.9649
128,88.6346,91.3044,85.9649
129,88.6346,91.3044,85.9649
130,88.6346,91.3044,85.9649
131,88.6346,91.3044,85.9649
132,89.1781,92.3913,85.9649
133,89.1781,92.3913,85.9649
134,89.1781,92.3913,85.9649
135,89.1781,92.3913,85.9649
136,89.1781,92.3913,85.9649
137,89.1781,92.3913,85.9649
138,89.1781,92.3913,85.9649
139,89.1781,92.3913,85.9649
140,89.1781,92.3913,85.9649
141,90.0553,92.3913,87.7193
142,90.0553,92.3913,87.7193
143,90.0553,92.3913,87.7193
144,90.0553,92.3913,87.7193
145,90.0553,92.3913,87.7193
146,90.0553,92.3913,87.7193
147,90.0553,92.3913,87.7193
148,90.0553,92.3913,87.7193
149,90.0553,92.3913,87.7193
150,90.0553,92.3913,87.7193
151,90.0553,92.3913,87.7193
152,90.2651,94.5652,85.9649
153,90.5988,93.4783,87.7193
154,90.5988,93.4783,87.7193
155,90.5988,93.4783,87.7193
156,90.5988,93.4783,87.7193
157,90.5988,93.4783,87.7193
158,90.5988,93.4783,87.7193
159,90.5988,93.4783,87.7193
160,90.5988,93.4783,87.7193
161,90.5988,93.4783,87.7193
162,90.5988,93.4783,87.7193
163,90.5988,93.4783,87.7193
164,90.5988,93.4783,87.7193
165,90.9325,92.3913,89.4737
166,90.9325,92.3913,89.4737
167,90.9325,92.3913,89.4737
168,90.9325,92.3913,89.4737
169,90.9325,92.3913,89.4737
170,91.476,93.4783,89.4737
171,91.476,93.4783,89.4737
172,91.476,93.4783,89.4737
173,91.476,93.4783,89.4737
174,91.476,93.4783,89.4737
175,91.476,93.4783,89.4737
176,91.476,93.4783,89.4737
177,91.476,93.4783,89.4737
178,91.476,93.4783,89.4737
179,91.476,93.4783,89.4737
180,91.476,93.4783,89.4737
181,91.476,93.4783,89.4737
182,91.476,93.4783,89.4737
183,91.476,93.4783,89.4737
184,91.476,93.4783,89.4737
185,91.476,93.4783,89.4737
186,91.476,93.4783,89.4737
187,91.476,93.4783,89.4737
188,91.476,93.4783,89.4737
189,91.476,93.4783,89.4737
190,91.476,93.4783,89.4737
191,91.476,93.4783,89.4737
192,91.476,93.4783,89.4737
193,91.8097,92.3913,91.2281
194,91.8097,92.3913,91.2281
195,91.8097,92.3913,91.2281
196,91.8097,92.3913,91.2281
197,91.8097,92.3913,91.2281
198,91.8097,92.3913,91.2281
199,91.8097,92.3913,91.2281
200,91.8097,92.3913,91.2281
201,91.8097,92.3913,91.2281
202,91.8097,92.3913,91.2281
203,91.8097,92.3913,91.2281
204,91.8097,92.3913,91.2281
205,91.8097,92.3913,91.2281
206,91.8097,92.3913,91.2281
207,91.8097,92.3913,91.2281
208,91.8097,92.3913,91.2281
209,91.8097,92.3913,91.2281
210,91.8097,92.3913,91.2281
211,91.8097,92.3913,91.2281
212,91.8097,92.3913,91.2281
213,91.8097,92.3913,91.2281
214,91.8097,92.3913,91.2281
215,91.8097,92.3913,91.2281
216,91.8097,92.3913,91.2281
217,91.8097,92.3913,91.2281
218,91.8097,92.3913,91.2281
219,91.8097,92.3913,91.2281
220,91.8097,92.3913,91.2281
221,91.8097,92.3913,91.2281
222,91.8097,92.3913,91.2281
223,91.8097,92.3913,91.2281
224,91.8097,92.3913,91.2281
225,91.8097,92.3913,91.2281
226,91.8097,92.3913,91.2281
227,91.8097,92.3913,91.2281
228,91.8097,92.3913,91.2281
229,91.8097,92.3913,91.2281
230,91.8097,92.3913,91.2281
231,91.8097,92.3913,91.2281
232,91.8097,92.3913,91.2281
233,91.8097,92.3913,91.2281
234,91.8097,92.3913,91.2281
235,91.8097,92.3913,91.2281
236,91.8097,92.3913,91.2281
237,91.8097,92.3913,91.2281
238,91.8097,92.3913,91.2281
239,91.8097,92.3913,91.2281
240,91.8097,92.3913,91.2281
241,91.8097,92.3913,91.2281
242,91.8097,92.3913,91.2281
243,91.8097,92.3913,91.2281
244,91.8097,92.3913,91.2281
245,91.8097,92.3913,91.2281
246,91.8097,92.3913,91.2281
247,91.8097,92.3913,91.2281
248,91.8097,92.3913,91.2281
249,91.8097,92.3913,91.2281
250,91.8097,92.3913,91.2281
251,91.8097,92.3913,91.2281
252,91.8097,92.3913,91.2281
253,91.8097,92.3913,91.2281
254,91.8097,92.3913,91.2281
255,91.8097,92.3913,91.2281
256,91.8097,92.3913,91.2281
257,91.8097,92.3913,91.2281
258,91.8097,92.3913,91.2281
259,91.8097,92.3913,91.2281
260,91.8097,92.3913,91.2281
261,91.8097,92.3913,91.2281
262,91.8097,92.3913,91.2281
263,91.8097,92.3913,91.2281
264,91.8097,92.3913,91.2281
265,91.8097,92.3913,91.2281
266,91.8097,92.3913,91.2281
267,91.8097,92.3913,91.2281
268,91.8097,92.3913,91.2281
269,91.8097,92.3913,91.2281
270,91.8097,92.3913,91.2281
271,91.8097,92.3913,91.2281
272,91.8097,92.3913,91.2281
273,91.8097,92.3913,91.2281
274,91.8097,92.3913,91.2281
275,91.8097,92.3913,91.2281
276,91.8097,92.3913,91.2281
277,91.8097,92.3913,91.2281
278,91.8097,92.3913,91.2281
279,91.8097,92.3913,91.2281
280,91.8097,92.3913,91.2281
281,91.8097,92.3913,91.2281
282,91.8097,92.3913,91.2281
283,91.8097,92.3913,91.2281
284,91.8097,92.3913,91.2281
285,91.8097,92.3913,91.2281
286,91.8097,92.3913,91.2281
287,91.8097,92.3913,91.2281
288,91.8097,92.3913,91.2281
289,91.8097,92.3913,91.2281
290,91.8097,92.3913,91.2281
291,91.8097,92.3913,91.2281
292,91.8097,92.3913,91.2281
293,91.8097,92.3913,91.2281
294,91.8097,92.3913,91.2281
295,91.8097,92.3913,91.2281
296,91.8097,92.3913,91.2281
297,91.8097,92.3913,91.2281
298,91.8097,92.3913,91.2281
299,91.8097,92.3913,91.2281
300,91.8097,92.3913,91.2281
