n_gen,%agr,%clas,%red
2,55.4253,88.0435,22.807
3,60.8982,90.2174,31.5789
4,64.7407,89.1304,40.3509
5,65.0744,88.0435,42.1053
6,67.582,91.3044,43.8596
7,69.0027,92.3913,45.614
8,70.4233,93.4783,47.3684
9,73.3886,92.3913,54.386
10,74.4756,94.5652,54.386
11,75.6865,93.4783,57.8947
12,75.6865,93.4783,57.8947
13,75.6865,93.4783,57.8947
14,76.0202,92.3913,59.6491
15,76.8974,92.3913,61.4035
16,79.1953,93.4783,64.9123
17,80.4062,92.3913,68.4211
18,80.9497,93.4783,68.4211
19,82.3703,94.5652,70.1754
20,82.3703,94.5652,70.1754
21,82.3703,94.5652,70.1754
22,82.9138,95.6522,70.1754
23,82.9138,95.6522,70.1754
24,82.9138,95.6522,70.1754
25,82.9138,95.6522,70.1754
26,82.9138,95.6522,70.1754
27,82.9138,95.6522,70.1754
28,82.9138,95.6522,70.1754
29,82.9138,95.6522,70.1754
30,82.9138,95.6522,70.1754
31,82.9138,95.6522,70.1754
32,82.9138,95.6522,70.1754
33,82.9138,95.6522,70.1754
34,82.9138,95.6522,70.1754
35,82.9138,95.6522,70.1754
36,82.9138,95.6522,70.1754
37,82.9138,95.6522,70.1754
38,82.9138,95.6522,70.1754
39,82.9138,95.6522,70.1754
40,82.9138,95.6522,70.1754
41,82.9138,95.6522,70.1754
42,82.9138,95.6522,70.1754
43,82.9138,95.6522,70.1754
44,82.9138,95.6522,70.1754
45,82.9138,95.6522,70.1754
46,82.9138,95.6522,70.1754
47,82.9138,95.6522,70.1754
48,82.9138,95.6522,70.1754
49,82.9138,95.6522,70.1754
50,82.9138,95.6522,70.1754
51,82.9138,95.6522,70.1754
52,82.9138,95.6522,70.1754
53,82.9138,95.6522,70.1754
54,82.9138,95.6522,70.1754
55,82.9138,95.6522,70.1754
56,82.9138,95.6522,70.1754
57,82.9138,95.6522,70.1754
58,82.9138,95.6522,70.1754
59,82.9138,95.6522,70.1754
60,82.9138,95.6522,70.1754
61,82.9138,95.6522,70.1754
62,82.9138,95.6522,70.1754
63,82.9138,95.6522,70.1754
64,82.9138,95.6522,70.1754
65,82.9138,95.6522,70.1754
66,82.9138,95.6522,70.1754
67,82.9138,95.6522,70.1754
68,82.9138,95.6522,70.1754
69,82.9138,95.6522,70.1754
70,82.9138,95.6522,70.1754
71,82.9138,95.6522,70.1754
72,82.9138,95.6522,70.1754
73,82.9138,95.6522,70.1754
74,82.9138,95.6522,70.1754
75,82.9138,95.6522,70.1754
76,82.9138,95.6522,70.1754
77,82.9138,95.6522,70.1754
78,82.9138,95.6522,70.1754
79,82.9138,95.6522,70.1754
80,82.9138,95.6522,70.1754
81,82.9138,95.6522,70.1754
82,82.9138,95.6522,70.1754
83,82.9138,95.6522,70.1754
84,82.9138,95.6522,70.1754
85,82.9138,95.6522,70.1754
86,82.9138,95.6522,70.1754
87,82.9138,95.6522,70.1754
88,82.9138,95.6522,70.1754
89,82.9138,95.6522,70.1754
90,82.9138,95.6522,70.1754
91,82.9138,95.6522,70.1754
92,82.9138,95.6522,70.1754
93,82.9138,95.6522,70.1754
94,82.9138,95.6522,70.1754
95,82.9138,95.6522,70.1754
96,82.9138,95.6522,70.1754
97,82.9138,95.6522,70.1754
98,82.9138,95.6522,70.1754
99,82.9138,95.6522,70.1754
100,82.9138,95.6522,70.1754
101,82.9138,95.6522,70.1754
102,82.9138,95.6522,70.1754
103,82.9138,95.6522,70.1754
104,82.9138,95.6522,70.1754
105,82.9138,95.6522,70.1754
106,82.9138,95.6522,70.1754
107,82.9138,95.6522,70.1754
108,82.9138,95.6522,70.1754
109,82.9138,95.6522,70.1754
110,82.9138,95.6522,70.1754
111,82.9138,95.6522,70.1754
112,82.9138,95.6522,70.1754
113,82.9138,95.6522,70.1754
114,82.9138,95.6522,70.1754
115,82.9138,95.6522,70.1754
116,82.9138,95.6522,70.1754
117,82.9138,95.6522,70.1754
118,82.9138,95.6522,70.1754
119,82.9138,95.6522,70.1754
120,82.9138,95.6522,70.1754
121,82.9138,95.6522,70.1754
122,82.9138,95.6522,70.1754
123,82.9138,95.6522,70.1754
124,82.9138,95.6522,70.1754
125,82.9138,95.6522,70.1754
126,82.9138,95.6522,70.1754
127,82.9138,95.6522,70.1754
128,82.9138,95.6522,70.1754
129,82.9138,95.6522,70.1754
130,82.9138,95.6522,70.1754
131,82.9138,95.6522,70.1754
132,82.9138,95.6522,70.1754
133,82.9138,95.6522,70.1754
134,82.9138,95.6522,70.1754
135,82.9138,95.6522,70.1754
136,82.9138,95.6522,70.1754
137,82.9138,95.6522,70.1754
138,82.9138,95.6522,70.1754
139,82.9138,95.6522,70.1754
140,82.9138,95.6522,70.1754
141,82.9138,95.6522,70.1754
142,82.9138,95.6522,70.1754
143,82.9138,95.6522,70.1754
144,82.9138,95.6522,70.1754
145,82.9138,95.6522,70.1754
146,82.9138,95.6522,70.1754
147,82.9138,95.6522,70.1754
148,82.9138,95.6522,70.1754
149,82.9138,95.6522,70.1754
150,82.9138,95.6522,70.1754
151,82.9138,95.6522,70.1754
152,82.9138,95.6522,70.1754
153,82.9138,95.6522,70.1754
154,82.9138,95.6522,70.1754
155,82.9138,95.6522,70.1754
156,82.9138,95.6522,70.1754
157,82.9138,95.6522,70.1754
158,82.9138,95.6522,70.1754
159,82.9138,95.6522,70.1754
160,82.9138,95.6522,70.1754
161,82.9138,95.6522,70.1754
162,82.9138,95.6522,70.1754
163,82.9138,95.6522,70.1754
164,82.9138,95.6522,70.1754
165,82.9138,95.6522,70.1754
166,82.9138,95.6522,70.1754
167,82.9138,95.6522,70.1754
168,82.9138,95.6522,70.1754
169,82.9138,95.6522,70.1754
170,82.9138,95.6522,70.1754
171,82.9138,95.6522,70.1754
172,82.9138,95.6522,70.1754
173,82.9138,95.6522,70.1754
174,82.9138,95.6522,70.1754
175,82.9138,95.6522,70.1754
176,82.9138,95.6522,70.1754
177,82.9138,95.6522,70.1754
178,82.9138,95.6522,70.1754
179,82.9138,95.6522,70.1754
180,82.9138,95.6522,70.1754
181,82.9138,95.6522,70.1754
182,82.9138,95.6522,70.1754
183,82.9138,95.6522,70.1754
184,82.9138,95.6522,70.1754
185,82.9138,95.6522,70.1754
186,82.9138,95.6522,70.1754
187,82.9138,95.6522,70.1754
188,82.9138,95.6522,70.1754
189,82.9138,95.6522,70.1754
190,82.9138,95.6522,70.1754
191,82.9138,95.6522,70.1754
192,82.9138,95.6522,70.1754
193,82.9138,95.6522,70.1754
194,82.9138,95.6522,70.1754
195,82.9138,95.6522,70.1754
196,82.9138,95.6522,70.1754
197,82.9138,95.6522,70.1754
198,82.9138,95.6522,70.1754
199,82.9138,95.6522,70.1754
200,82.9138,95.6522,70.1754
201,82.9138,95.6522,70.1754
202,82.9138,95.6522,70.1754
203,82.9138,95.6522,70.1754
204,82.9138,95.6522,70.1754
205,82.9138,95.6522,70.1754
206,82.9138,95.6522,70.1754
207,82.9138,95.6522,70.1754
208,82.9138,95.6522,70.1754
209,82.9138,95.6522,70.1754
210,82.9138,95.6522,70.1754
211,82.9138,95.6522,70.1754
212,82.9138,95.6522,70.1754
213,82.9138,95.6522,70.1754
214,82.9138,95.6522,70.1754
215,82.9138,95.6522,70.1754
216,82.9138,95.6522,70.1754
217,82.9138,95.6522,70.1754
218,82.9138,95.6522,70.1754
219,82.9138,95.6522,70.1754
220,82.9138,95.6522,70.1754
221,82.9138,95.6522,70.1754
222,82.9138,95.6522,70.1754
223,82.9138,95.6522,70.1754
224,82.9138,95.6522,70.1754
225,82.9138,95.6522,70.1754
226,82.9138,95.6522,70.1754
227,82.9138,95.6522,70.1754
228,82.9138,95.6522,70.1754
229,82.9138,95.6522,70.1754
230,82.9138,95.6522,70.1754
231,82.9138,95.6522,70.1754
232,82.9138,95.6522,70.1754
233,82.9138,95.6522,70.1754
234,82.9138,95.6522,70.1754
235,82.9138,95.6522,70.1754
236,82.9138,95.6522,70.1754
237,82.9138,95.6522,70.1754
238,82.9138,95.6522,70.1754
239,82.9138,95.6522,70.1754
240,82.9138,95.6522,70.1754
241,82.9138,95.6522,70.1754
242,82.9138,95.6522,70.1754
243,82.9138,95.6522,70.1754
244,82.9138,95.6522,70.1754
245,82.9138,95.6522,70.1754
246,82.9138,95.6522,70.1754
247,82.9138,95.6522,70.1754
248,82.9138,95.6522,70.1754
249,82.9138,95.6522,70.1754
250,82.9138,95.6522,70.1754
251,82.9138,95.6522,70.1754
252,82.9138,95.6522,70.1754
253,82.9138,95.6522,70.1754
254,82.9138,95.6522,70.1754
255,82.9138,95.6522,70.1754
256,82.9138,95.6522,70.1754
257,82.9138,95.6522,70.1754
258,82.9138,95.6522,70.1754
259,82.9138,95.6522,70.1754
260,82.9138,95.6522,70.1754
261,82.9138,95.6522,70.1754
262,82.9138,95.6522,70.1754
263,82.9138,95.6522,70.1754
264,82.9138,95.6522,70.1754
265,82.9138,95.6522,70.1754
266,82.9138,95.6522,70.1754
267,82.9138,95.6522,70.1754
268,82.9138,95.6522,70.1754
269,82.9138,95.6522,70.1754
270,82.9138,95.6522,70.1754
271,82.9138,95.6522,70.1754
272,82.9138,95.6522,70.1754
273,82.9138,95.6522,70.1754
274,82.9138,95.6522,70.1754
275,82.9138,95.6522,70.1754
276,82.9138,95.6522,70.1754
277,82.9138,95.6522,70.1754
278,82.9138,95.6522,70.1754
279,82.9138,95.6522,70.1754
280,82.9138,95.6522,70.1754
281,82.9138,95.6522,70.1754
282,82.9138,95.6522,70.1754
283,82.9138,95.6522,70.1754
284,82.9138,95.6522,70.1754
285,82.9138,95.6522,70.1754
286,82.9138,95.6522,70.1754
287,82.9138,95.6522,70.1754
288,82.9138,95.6522,70.1754
289,82.9138,95.6522,70.1754
290,82.9138,95.6522,70.1754
291,82.9138,95.6522,70.1754
292,82.9138,95.6522,70.1754
293,82.9138,95.6522,70.1754
294,82.9138,95.6522,70.1754
295,82.9138,95.6522,70.1754
296,82.9138,95.6522,70.1754
297,82.9138,95.6522,70.1754
298,82.9138,95.6522,70.1754
299,82.9138,95.6522,70.1754
300,82.9138,95.6522,70.1754
